0.01 0.000401256736097457
0.02 0.00601885104146186
0.03 0.0457432679151101
0.04 0.0637998210394957
0.05 0.0650035912477881
0.06 0.0577809699980339
0.07 0.0621947940951058
0.08 0.0814551174277839
0.09 0.0742324961780296
0.1 0.083461401108271
0.11 0.0678123884004703
0.12 0.105530521593631
0.13 0.114759426523873
0.14 0.121179534301432
0.15 0.13883483068972
0.16 0.118771993884847
0.17 0.128803412287284
0.18 0.11997576409314
0.19 0.128402155551186
0.2 0.172941653258004
0.21 0.125593358398504
0.22 0.148464992356059
0.23 0.174947936938491
0.24 0.182973071660441
0.25 0.306961403114554
0.26 0.160502694438983
0.27 0.203838421937508
0.28 0.262020648671639
0.29 0.258409338046764
0.3 0.292516160615046
0.31 0.261218135199444
0.32 0.316591564780893
0.33 0.320202875405771
0.34 0.562963200744732
0.35 0.39925045241697
0.36 0.398046682208679
0.37 0.412090667972088
0.38 0.474686718803291
0.39 0.464254043664758
0.4 0.580217240396923
0.41 0.437369842346228
0.42 0.526047581023769
0.43 0.563765714216927
0.44 0.531263918593033
0.45 0.617935373590084
0.46 0.536881512898397
0.47 0.60268761761838
0.48 0.644819574908617
0.49 0.693371639976405
0.5 2.57325944859299
0.51 0.481106826580851
0.52 0.7888707431676
0.53 0.782851892126138
0.54 0.76680162268224
0.55 0.786864459487113
0.56 0.704205571851037
0.57 0.732293543377859
0.58 0.800105931778338
0.59 0.740318678099808
0.6 0.911655304413422
0.61 0.655252250047147
0.62 0.69738420733738
0.63 0.845447942957342
0.64 0.71784830087835
0.65 0.731491029905664
0.66 0.67692011379641
0.67 1.21821545079188
0.68 0.694575410184698
0.69 0.690562842823723
0.7 0.840231605388075
0.71 0.640807007547646
0.72 0.765999109210045
0.73 0.758375231224193
0.74 0.747140042613465
0.75 1.33979624182941
0.76 0.60429264456277
0.77 0.794488337472965
0.78 0.789271999903698
0.79 0.800507188514426
0.8 1.08620198461582
0.81 0.753560150391024
0.82 0.835817781291003
0.83 0.908445250524642
0.84 1.12873519864216
0.85 0.95619480212024
0.86 1.01397577211827
0.87 1.01357451538218
0.88 1.2302531528748
0.89 1.10987613204557
0.9 1.30408439231673
0.91 1.12753142843385
0.92 1.36106284884257
0.93 1.40239229266061
0.94 1.56730881119667
0.95 1.8144829606327
0.96 2.0235377201395
0.97 2.46813018373546
0.98 3.47648836154837
0.99 4.73161943206121
1 30.3927902189658
