Chrom	Locus	Dist	ObsHetPop1	ObsHetPop2	ExpHetPop1	ExpHetPop2	Fst	WeightedFst	Sig99	Sig98	Sig95	Sig90	Sig80	MajAllele1	MajAllFreq1	MajAllele2	MajAllFreq2
0	100	0	0.5	0.5	1	1	-1	0	0	0	0	0	0	A	1	A	1
0	101	1	0.5	0.5	1	1	-1	0	0	0	0	0	0	C	1	C	1
0	102	2	0.0561224	0.0580357	0.116852	0.109136	0.00107052	0.0013492	0	0	0	0	0	A	0.387755	A	0.357143
0	103	3	0.132653	0.125	0.276161	0.232462	0.00188084	0.00218566	0	0	0	0	0	A	0.52551	T	0.517857
0	104	4	0.137755	0.138393	0.303623	0.236787	0.00415495	0.00289643	0	0	0	0	0	T	0.55102	A	0.513393
0	105	5	0.0867347	0.116071	0.170788	0.195332	0.000841263	0.0017817	0	0	0	0	0	T	0.586735	T	0.558036
0	106	6	0.5	0.5	1	1	-1	0	0	0	0	0	0	G	1	G	1
0	107	7	0.5	0.5	1	1	-1	0	0	0	0	0	0	T	1	T	1
0	108	8	0.0459184	0.0669643	0.0787432	0.13076	0.00452172	0.00335241	0	0	0	0	0	T	0.382653	T	0.375
0	109	9	0.112245	0.107143	0.26554	0.241151	0.000587344	0.00138264	0	0	0	0	0	C	0.515306	G	0.508929
0	1010	10	0.0459184	0.0625	0.120367	0.106206	0.000255342	0.000421176	0	0	0	0	0	A	0.346939	T	0.339286
0	1011	11	0.5	0.5	1	1	-1	0	0	0	0	0	0	C	1	C	1
0	1012	12	0.5	0.5	1	1	-1	0	0	0	0	0	0	G	1	G	1
0	1013	13	0.5	0.5	1	1	-1	0	0	0	0	0	0	C	1	C	1
0	1014	14	0.163265	0.125	0.298027	0.236787	0.00352155	0.00343867	0	0	0	0	0	T	0.545918	A	0.513393
0	1015	15	0.5	0.5	1	1	-1	0	0	0	0	0	0	C	1	C	1
0	1016	16	0.0408163	0.0491071	0.093711	0.0894651	4.49815e-005	0.000237501	0	0	0	0	0	T	0.367347	T	0.366071
0	1017	17	0.5	0.5	1	1	-1	0	0	0	0	0	0	T	1	T	1
0	1018	18	0.127551	0.133929	0.230008	0.301519	0.00483636	0.00452852	0	0	0	1	1	G	0.520408	A	0.549107
0	1019	19	0.0510204	0.0401786	0.0845741	0.103316	0.00402678	0.00426212	0	0	0	0	1	C	0.382653	G	0.379464
0	1020	20	0.5	0.5	1	1	-1	0	0	0	0	0	0	G	1	G	1
0	1021	21	0.0612245	0.0580357	0.11339	0.106206	0.00464395	0.00462929	0	0	0	1	1	C	0.367347	T	0.379464
0	1022	22	0.5	0.5	1	1	-1	0	0	0	0	0	0	C	1	C	1
0	1023	23	0.5	0.5	1	1	-1	0	0	0	0	0	0	C	1	C	1
0	1024	24	0.5	0.5	1	1	-1	0	0	0	0	0	0	C	1	C	1
0	1025	25	0.5	0.5	1	1	-1	0	0	0	0	0	0	A	1	A	1
0	1026	26	0.5	0.5	1	1	-1	0	0	0	0	0	0	T	1	T	1
0	1027	27	0.0255102	0.0357143	0.0759059	0.0976563	0.000775146	0.000766019	0	0	0	0	0	T	0.387755	T	0.370536
0	1028	28	0.5	0.5	1	1	-1	0	0	0	0	0	0	C	1	C	1
0	1029	29	0.132653	0.120536	0.230008	0.211436	0.000392309	0.000763076	0	0	0	0	0	T	0.520408	T	0.540179
0	1030	30	0.163265	0.138393	0.338297	0.291793	0.00174432	0.00107158	0	0	0	0	0	T	0.581633	T	0.540179
0	1031	31	0.153061	0.142857	0.270825	0.263572	4.92708e-005	0.000520987	0	0	0	0	0	G	0.520408	G	0.513393
0	1032	32	0.5	0.5	1	1	-1	0	0	0	0	0	0	T	1	T	1
0	1033	33	0.127551	0.120536	0.255128	0.268176	0.000162778	0.000829429	0	0	0	0	0	T	0.505102	T	0.517857
0	1034	34	0.0612245	0.0714286	0.134944	0.172373	0.00227795	0.002481	0	0	0	0	0	C	0.367347	C	0.415179
0	1035	35	0.0408163	0.0758929	0.0845741	0.112105	0.00545059	0.00356126	0	0	0	0	0	A	0.392857	C	0.370536
0	1036	36	0.132653	0.138393	0.276161	0.259008	0.000275277	0.00180872	0	0	0	0	0	T	0.52551	T	0.508929
0	1037	37	0.5	0.5	1	1	-1	0	0	0	0	0	0	G	1	G	1
0	1038	38	0.158163	0.120536	0.292482	0.219727	0.00519403	0.0037839	0	0	0	0	1	C	0.540816	G	0.53125
0	1039	39	0.0612245	0.0580357	0.0968607	0.103316	0.000432594	0.00186941	0	0	0	0	0	C	0.362245	G	0.34375
0	1040	40	0.5	0.5	1	1	-1	0	0	0	0	0	0	A	1	A	1
0	1041	41	0.0918367	0.0491071	0.166597	0.0921556	0.00690211	0.00674751	1	1	1	1	1	T	0.408163	A	0.352679
0	1042	42	0.5	0.5	1	1	-1	0	0	0	0	0	0	C	1	C	1
0	1043	43	0.5	0.5	1	1	-1	0	0	0	0	0	0	T	1	T	1
0	1044	44	0.127551	0.142857	0.298027	0.282227	0.00021645	0.000218026	0	0	0	0	0	G	0.545918	G	0.53125
0	1045	45	0.5	0.5	1	1	-1	0	0	0	0	0	0	G	1	G	1
0	1046	46	0.5	0.5	1	1	-1	0	0	0	0	0	0	G	1	G	1
0	1047	47	0.0663265	0.0223214	0.150354	0.0894651	0.00444289	0.00447789	0	0	0	1	1	T	0.387755	A	0.366071
0	1048	48	0.112245	0.174107	0.234928	0.306441	0.00475107	0.00397199	0	0	0	0	1	A	0.515306	C	0.553571
0	1049	49	0.0612245	0.0401786	0.106622	0.0816327	0.0015303	0.00247721	0	0	0	0	0	G	0.346939	T	0.375
0	1050	50	0.5	0.5	1	1	-1	0	0	0	0	0	0	A	1	A	1
0	1051	51	0.5	0.5	1	1	-1	0	0	0	0	0	0	A	1	A	1
0	1052	52	0.188776	0.125	0.309272	0.236787	0.00484122	0.00350076	0	0	0	0	0	G	0.556122	C	0.513393
0	1053	53	0.0459184	0.0580357	0.116852	0.121253	0.000111093	0.00144603	0	0	0	0	0	G	0.341837	G	0.348214
0	1054	54	0.5	0.5	1	1	-1	0	0	0	0	0	0	G	1	G	1
0	1055	55	0.112245	0.102679	0.197027	0.228177	0.00114958	0.00114168	0	0	0	0	0	T	0.556122	T	0.522321
0	1056	56	0.0612245	0.0357143	0.123933	0.109136	0.000997053	0.00170859	0	0	0	0	0	C	0.352041	T	0.348214
0	1057	57	0.122449	0.133929	0.26554	0.203304	0.00415381	0.00258153	0	0	0	0	0	T	0.515306	A	0.549107
0	1058	58	0.0561224	0.0535714	0.100062	0.115115	0.000327179	0.00148684	0	0	0	0	0	C	0.357143	G	0.339286
0	1059	59	0.0408163	0.0401786	0.0906133	0.0921556	0.00177259	0.00146714	0	0	0	0	0	T	0.397959	A	0.348214
0	1060	60	0.147959	0.129464	0.292482	0.25	0.00166875	0.00167131	0	0	0	0	0	C	0.540816	C	0.5
0	1061	61	0.5	0.5	1	1	-1	0	0	0	0	0	0	T	1	T	1
0	1062	62	0.0816327	0.0491071	0.123933	0.0921556	0.00145664	0.0021021	0	0	0	0	0	G	0.352041	A	0.352679
0	1063	63	0.0510204	0.0625	0.0968607	0.143993	0.00389167	0.00249491	0	0	0	0	0	A	0.352041	T	0.379464
0	1064	64	0.153061	0.116071	0.255128	0.254484	4.06769e-007	0.00113844	0	0	0	0	0	G	0.505102	G	0.504464
0	1065	65	0.5	0.5	1	1	-1	0	0	0	0	0	0	G	1	G	1
0	1066	66	0.0816327	0.0625	0.146423	0.112105	0.00285251	0.00202432	0	0	0	0	0	C	0.382653	A	0.370536
0	1067	67	0.117347	0.107143	0.234928	0.241151	4.06971e-005	0.00116823	0	0	0	0	0	C	0.515306	C	0.508929
0	1068	68	0.117347	0.111607	0.270825	0.223932	0.00222735	0.00190042	0	0	0	0	0	T	0.520408	G	0.526786
0	1069	69	0.142857	0.138393	0.292482	0.236787	0.00294085	0.00228537	0	0	0	0	0	G	0.540816	A	0.513393
0	1070	70	0.112245	0.116071	0.234928	0.263572	0.000823634	0.00141477	0	0	0	0	0	G	0.515306	A	0.513393
0	1071	71	0.5	0.5	1	1	-1	0	0	0	0	0	0	G	1	G	1
0	1072	72	0.137755	0.116071	0.230008	0.219727	0.00011786	0.000151004	0	0	0	0	0	A	0.520408	A	0.53125
0	1073	73	0.5	0.5	1	1	-1	0	0	0	0	0	0	G	1	G	1
0	1074	74	0.0510204	0.0580357	0.10998	0.13076	0.000808543	0.00302689	0	0	0	0	0	T	0.352041	A	0.361607
0	1075	75	0.0969388	0.133929	0.183673	0.27282	0.00881031	0.00572736	0	1	1	1	1	A	0.571429	T	0.522321
0	1076	76	0.0663265	0.0714286	0.138718	0.106206	0.00315402	0.00384616	0	0	0	0	1	C	0.372449	A	0.339286
0	1077	77	0.0510204	0.0491071	0.123933	0.100466	0.000820482	0.00160755	0	0	0	0	0	T	0.352041	G	0.357143
0	1078	78	0.5	0.5	1	1	-1	0	0	0	0	0	0	C	1	C	1
1	100	1	0.5	0.5	1	1	-1	0	0	0	0	0	0	A	1	A	1
1	101	2	0.168367	0.133929	0.292482	0.296636	1.47501e-005	6.94207e-005	0	0	0	0	0	A	0.540816	A	0.544643
1	102	3	0.0663265	0.0669643	0.120367	0.121253	0.000162887	0.000282079	0	0	0	0	0	T	0.352041	T	0.366071
1	103	4	0.0816327	0.0580357	0.103316	0.103316	0.000795049	0.000723287	0	0	0	0	0	A	0.346939	A	0.379464
1	104	5	0.112245	0.133929	0.225141	0.259008	0.00118636	0.000902866	0	0	0	0	0	T	0.52551	G	0.508929
1	105	6	0.107143	0.125	0.220325	0.228177	6.89308e-005	0.00145851	0	0	0	0	0	T	0.530612	T	0.522321
1	106	7	0.127551	0.169643	0.281549	0.363221	0.0052875	0.00372772	0	0	0	0	1	G	0.530612	G	0.602679
1	107	8	0.5	0.5	1	1	-1	0	0	0	0	0	0	G	1	G	1
1	108	9	0.0408163	0.0625	0.10998	0.121253	0.00165441	0.00199514	0	0	0	0	0	G	0.387755	A	0.348214
1	109	10	0.0306122	0.0401786	0.0875677	0.0717474	0.00271805	0.00209809	0	0	0	0	0	C	0.397959	T	0.375
1	1010	11	0.0357143	0.0491071	0.0759059	0.100466	0.000971639	0.0014468	0	0	0	0	0	T	0.367347	T	0.348214
1	1011	12	0.5	0.5	1	1	-1	0	0	0	0	0	0	T	1	T	1
1	1012	13	0.107143	0.142857	0.234928	0.245556	0.000117591	0.00128068	0	0	0	0	0	C	0.515306	C	0.504464
1	1013	14	0.132653	0.0982143	0.309272	0.241151	0.00424108	0.00304648	0	0	0	0	0	A	0.556122	G	0.508929
1	1014	15	0.5	0.5	1	1	-1	0	0	0	0	0	0	T	1	T	1
1	1015	16	0.0459184	0.0580357	0.093711	0.124382	0.0015616	0.00162513	0	0	0	0	0	T	0.357143	G	0.352679
1	1016	17	0.5	0.5	1	1	-1	0	0	0	0	0	0	C	1	C	1
1	1017	18	0.5	0.5	1	1	-1	0	0	0	0	0	0	T	1	T	1
1	1018	19	0.5	0.5	1	1	-1	0	0	0	0	0	0	G	1	G	1
1	1019	20	0.5	0.5	1	1	-1	0	0	0	0	0	0	T	1	T	1
1	1020	21	0.0510204	0.0401786	0.100062	0.0894651	0.000167314	0.000154459	0	0	0	0	0	C	0.362245	C	0.370536
1	1021	22	0.0612245	0.0714286	0.123933	0.134008	0.000121939	0.000134795	0	0	0	0	0	T	0.352041	T	0.366071
1	1022	23	0.5	0.5	1	1	-1	0	0	0	0	0	0	A	1	A	1
1	1023	24	0.5	0.5	1	1	-1	0	0	0	0	0	0	A	1	A	1
1	1024	25	0.0408163	0.0848214	0.11339	0.168686	0.0038253	0.00373937	0	0	0	0	1	G	0.397959	C	0.410714
1	1025	26	0.5	0.5	1	1	-1	0	0	0	0	0	0	T	1	T	1
1	1026	27	0.0357143	0.0535714	0.127551	0.118164	0.000255752	0.000375428	0	0	0	0	0	C	0.357143	C	0.34375
1	1027	28	0.5	0.5	1	1	-1	0	0	0	0	0	0	G	1	G	1
1	1028	29	0.102041	0.133929	0.230008	0.27282	0.00182582	0.00168438	0	0	0	0	0	T	0.520408	G	0.522321
1	1029	30	0.0663265	0.0401786	0.0968607	0.124382	0.00146885	0.00140925	0	0	0	0	0	C	0.352041	C	0.357143
1	1030	31	0.0459184	0.0535714	0.11339	0.0921556	0.000809987	0.00119991	0	0	0	0	0	G	0.352041	G	0.352679
1	1031	32	0.142857	0.111607	0.281549	0.236787	0.00193702	0.00131893	0	0	0	0	0	C	0.530612	G	0.513393
1	1032	33	0.122449	0.129464	0.234928	0.219727	0.000254759	0.000810654	0	0	0	0	0	T	0.515306	T	0.53125
1	1033	34	0.5	0.5	1	1	-1	0	0	0	0	0	0	C	1	C	1
1	1034	35	0.0357143	0.0803571	0.0968607	0.154337	0.00533443	0.00521257	0	0	1	1	1	G	0.372449	T	0.392857
1	1035	36	0.5	0.5	1	1	-1	0	0	0	0	0	0	A	1	A	1
1	1036	37	0.5	0.5	1	1	-1	0	0	0	0	0	0	T	1	T	1
1	1037	38	0.5	0.5	1	1	-1	0	0	0	0	0	0	C	1	C	1
1	1038	39	0.0459184	0.0580357	0.127551	0.118164	0.00100779	0.00105448	0	0	0	0	0	C	0.357143	A	0.352679
1	1039	40	0.0459184	0.0401786	0.10998	0.106206	0.00117261	0.00112591	0	0	0	0	0	G	0.362245	T	0.348214
1	1040	41	0.5	0.5	1	1	-1	0	0	0	0	0	0	C	1	C	1
1	1041	42	0.5	0.5	1	1	-1	0	0	0	0	0	0	G	1	G	1
1	1042	43	0.5	0.5	1	1	-1	0	0	0	0	0	0	T	1	T	1
1	1043	44	0.5	0.5	1	1	-1	0	0	0	0	0	0	C	1	C	1
1	1044	45	0.127551	0.138393	0.215561	0.268176	0.00287081	0.00262138	0	0	0	0	0	G	0.535714	C	0.517857
1	1045	46	0.112245	0.120536	0.215561	0.254484	0.0016159	0.00345325	0	0	0	0	0	G	0.535714	A	0.504464
1	1046	47	0.158163	0.125	0.320726	0.223932	0.00868347	0.00650973	1	1	1	1	1	C	0.566327	A	0.526786
1	1047	48	0.5	0.5	1	1	-1	0	0	0	0	0	0	C	1	C	1
1	1048	49	0.0612245	0.0491071	0.127551	0.134008	0.000357968	0.0052169	0	0	1	1	1	G	0.357143	G	0.366071
1	1049	50	0.153061	0.0758929	0.314973	0.183673	0.0175987	0.00985429	1	1	1	1	1	C	0.561224	A	0.571429
1	1050	51	0.112245	0.133929	0.25	0.268176	0.000318979	0.00417724	0	0	0	0	1	T	0.5	T	0.517857
1	1051	52	0.122449	0.133929	0.26554	0.236787	0.000823634	0.00143176	0	0	0	0	0	G	0.515306	C	0.513393
1	1052	53	0.158163	0.116071	0.298027	0.241151	0.00301231	0.00242437	0	0	0	0	0	T	0.545918	G	0.508929
1	1053	54	0.107143	0.120536	0.234928	0.28699	0.00260417	0.00282243	0	0	0	0	0	A	0.515306	T	0.535714
1	1054	55	0.117347	0.0848214	0.244924	0.191406	0.00330965	0.00310772	0	0	0	0	0	G	0.505102	G	0.5625
1	1055	56	0.5	0.5	1	1	-1	0	0	0	0	0	0	T	1	T	1
1	1056	57	0.5	0.5	1	1	-1	0	0	0	0	0	0	T	1	T	1
1	1057	58	0.5	0.5	1	1	-1	0	0	0	0	0	0	A	1	A	1
1	1058	59	0.5	0.5	1	1	-1	0	0	0	0	0	0	T	1	T	1
1	1059	60	0.0663265	0.0803571	0.123933	0.154337	0.00248341	0.00200576	0	0	0	0	0	T	0.352041	T	0.392857
1	1060	61	0.0561224	0.0535714	0.11339	0.100466	0.000797492	0.00126228	0	0	0	0	0	T	0.357143	C	0.34375
1	1061	62	0.5	0.5	1	1	-1	0	0	0	0	0	0	C	1	C	1
1	1062	63	0.127551	0.125	0.244924	0.268176	0.00052721	0.00110265	0	0	0	0	0	C	0.505102	A	0.517857
1	1063	64	0.0255102	0.0535714	0.0968607	0.127551	0.00259811	0.00174281	0	0	0	0	0	T	0.352041	C	0.357143
1	1064	65	0.0459184	0.0580357	0.116852	0.118164	0.00075005	0.00150547	0	0	0	0	0	G	0.341837	C	0.357143
1	1065	66	0.0867347	0.125	0.21085	0.259008	0.00247707	0.00156327	0	0	0	0	0	C	0.540816	G	0.508929
1	1066	67	0.102041	0.142857	0.2399	0.241151	1.62752e-006	0.00069279	0	0	0	0	0	A	0.510204	A	0.508929
1	1067	68	0.5	0.5	1	1	-1	0	0	0	0	0	0	T	1	T	1
1	1068	69	0.0765306	0.0580357	0.134944	0.13076	3.58037e-005	9.39187e-005	0	0	0	0	0	G	0.367347	G	0.361607
1	1069	70	0.5	0.5	1	1	-1	0	0	0	0	0	0	G	1	G	1
1	1070	71	0.107143	0.120536	0.20619	0.254484	0.00254278	0.00210572	0	0	0	0	0	C	0.545918	G	0.504464
1	1071	72	0.112245	0.107143	0.230008	0.199298	0.00110585	0.0017995	0	0	0	0	0	A	0.520408	A	0.553571
1	1072	73	0.0459184	0.0625	0.10998	0.121253	0.00246403	0.00324591	0	0	0	0	0	C	0.367347	T	0.348214
1	1073	74	0.0255102	0.0669643	0.0677062	0.140625	0.00743042	0.00527021	0	0	1	1	1	G	0.382653	T	0.375
1	1074	75	0.0867347	0.138393	0.215561	0.268176	0.00287081	0.00413291	0	0	0	0	1	T	0.535714	C	0.517857
2	100	2	0.127551	0.138393	0.234928	0.259008	0.000587344	0.00073992	0	0	0	0	0	G	0.515306	T	0.508929
2	101	3	0.5	0.5	1	1	-1	0	0	0	0	0	0	G	1	G	1
2	102	4	0.127551	0.09375	0.276161	0.195332	0.00698731	0.00668414	1	1	1	1	1	A	0.52551	T	0.558036
2	103	5	0.5	0.5	1	1	-1	0	0	0	0	0	0	C	1	C	1
2	104	6	0.0969388	0.0625	0.138718	0.157864	0.00036734	0.00126493	0	0	0	0	0	G	0.372449	G	0.397321
2	105	7	0.0612245	0.0625	0.0906133	0.124382	0.00325004	0.00191269	0	0	0	0	0	T	0.357143	T	0.379464
2	106	8	0.127551	0.129464	0.244924	0.232462	0.000162778	0.00089418	0	0	0	0	0	T	0.505102	T	0.517857
2	107	9	0.117347	0.0714286	0.2399	0.219727	0.000443693	0.000444058	0	0	0	0	0	G	0.510204	G	0.53125
2	108	10	0.107143	0.107143	0.255128	0.232462	0.00052721	0.000576681	0	0	0	0	0	T	0.505102	G	0.517857
2	109	11	0.142857	0.111607	0.270825	0.241151	0.000860757	0.000713604	0	0	0	0	0	G	0.520408	T	0.508929
2	1010	12	0.0510204	0.0491071	0.0968607	0.100466	0.000544763	0.000633863	0	0	0	0	0	A	0.346939	A	0.370536
2	1011	13	0.5	0.5	1	1	-1	0	0	0	0	0	0	T	1	T	1
2	1012	14	0.153061	0.129464	0.25	0.223932	0.00071799	0.000716448	0	0	0	0	0	A	0.5	G	0.526786
2	1013	15	0.5	0.5	1	1	-1	0	0	0	0	0	0	G	1	G	1
2	1014	16	0.112245	0.120536	0.26554	0.236787	0.000823634	0.000854024	0	0	0	0	0	G	0.515306	T	0.513393
2	1015	17	0.0408163	0.0491071	0.100062	0.103316	0.000939301	0.000911704	0	0	0	0	0	G	0.346939	G	0.379464
2	1016	18	0.5	0.5	1	1	-1	0	0	0	0	0	0	G	1	G	1
2	1017	19	0.0561224	0.0535714	0.103316	0.124382	0.00120919	0.00127125	0	0	0	0	0	T	0.362245	C	0.352679
2	1018	20	0.5	0.5	1	1	-1	0	0	0	0	0	0	T	1	T	1
2	1019	21	0.0612245	0.0714286	0.150354	0.0976563	0.00414886	0.00407878	0	0	0	0	1	T	0.387755	A	0.379464
2	1020	22	0.5	0.5	1	1	-1	0	0	0	0	0	0	G	1	G	1
2	1021	23	0.5	0.5	1	1	-1	0	0	0	0	0	0	A	1	A	1
2	1022	24	0.0918367	0.133929	0.179326	0.25	0.00589144	0.00457014	0	0	0	1	1	G	0.576531	C	0.5
2	1023	25	0.0663265	0.03125	0.120367	0.109136	0.00140522	0.00244172	0	0	0	0	0	A	0.346939	G	0.370536
2	1024	26	0.0561224	0.0625	0.123933	0.13076	0.0017017	0.00154524	0	0	0	0	0	A	0.352041	A	0.361607
2	1025	27	0.0612245	0.0669643	0.127551	0.124382	0.001021	0.00121793	0	0	0	0	0	C	0.357143	C	0.352679
2	1026	28	0.5	0.5	1	1	-1	0	0	0	0	0	0	A	1	A	1
2	1027	29	0.5	0.5	1	1	-1	0	0	0	0	0	0	G	1	G	1
2	1028	30	0.122449	0.142857	0.255128	0.282227	0.00068462	0.000919905	0	0	0	0	0	C	0.505102	C	0.53125
2	1029	31	0.0561224	0.0223214	0.10998	0.100466	0.00151119	0.00120238	0	0	0	0	0	G	0.357143	A	0.361607
2	1030	32	0.0357143	0.0491071	0.100062	0.0766103	0.000981913	0.000989768	0	0	0	0	0	C	0.362245	C	0.370536
2	1031	33	0.0663265	0.0580357	0.138718	0.121253	0.000507066	0.000709079	0	0	0	0	0	C	0.372449	C	0.348214
2	1032	34	0.5	0.5	1	1	-1	0	0	0	0	0	0	G	1	G	1
2	1033	35	0.153061	0.129464	0.314973	0.25	0.00376254	0.00272411	0	0	0	0	0	C	0.561224	C	0.5
2	1034	36	0.0510204	0.0357143	0.0875677	0.0816327	0.000235276	0.00123449	0	0	0	0	0	G	0.367347	T	0.357143
2	1035	37	0.5	0.5	1	1	-1	0	0	0	0	0	0	C	1	C	1
2	1036	38	0.5	0.5	1	1	-1	0	0	0	0	0	0	C	1	C	1
2	1037	39	0.132653	0.116071	0.270825	0.268176	6.51725e-006	1.67624e-005	0	0	0	0	0	A	0.520408	A	0.517857
2	1038	40	0.5	0.5	1	1	-1	0	0	0	0	0	0	T	1	T	1
2	1039	41	0.0510204	0.0491071	0.106622	0.103316	0.000434152	0.000349533	0	0	0	0	0	T	0.362245	T	0.388393
2	1040	42	0.0357143	0.0357143	0.10998	0.100466	0.000121756	0.000361469	0	0	0	0	0	C	0.341837	C	0.348214
2	1041	43	0.0459184	0.0758929	0.123933	0.150849	0.000914666	0.000646288	0	0	0	0	0	T	0.352041	T	0.388393
2	1042	44	0.117347	0.147321	0.26554	0.27282	4.92843e-005	0.00196006	0	0	0	0	0	T	0.515306	T	0.522321
2	1043	45	0.0561224	0.0401786	0.142545	0.067044	0.00802343	0.00462305	0	0	0	1	1	C	0.377551	T	0.401786
2	1044	46	0.0816327	0.0669643	0.116852	0.143993	0.000827001	0.00280958	0	0	0	0	0	T	0.352041	C	0.379464
2	1045	47	0.5	0.5	1	1	-1	0	0	0	0	0	0	C	1	C	1
2	1046	48	0.0459184	0.0401786	0.0845741	0.100466	0.00237155	0.00251187	0	0	0	0	0	A	0.408163	A	0.34375
2	1047	49	0.0867347	0.116071	0.179326	0.228177	0.00296763	0.0027976	0	0	0	0	0	C	0.576531	C	0.522321
2	1048	50	0.5	0.5	1	1	-1	0	0	0	0	0	0	A	1	A	1
2	1049	51	0.0510204	0.0491071	0.103316	0.0791016	0.00275064	0.00274192	0	0	0	0	0	A	0.341837	G	0.40625
2	1050	52	0.5	0.5	1	1	-1	0	0	0	0	0	0	G	1	G	1
2	1051	53	0.0714286	0.0267857	0.10998	0.074159	0.00216292	0.00214552	0	0	0	0	0	A	0.382653	A	0.397321
2	1052	54	0.5	0.5	1	1	-1	0	0	0	0	0	0	T	1	T	1
2	1053	55	0.147959	0.125	0.303623	0.27282	0.000828086	0.000939544	0	0	0	0	0	G	0.55102	G	0.522321
2	1054	56	0.5	0.5	1	1	-1	0	0	0	0	0	0	G	1	G	1
2	1055	57	0.0867347	0.0758929	0.162458	0.112105	0.00427994	0.00419764	0	0	0	0	1	G	0.403061	C	0.361607
2	1056	58	0.5	0.5	1	1	-1	0	0	0	0	0	0	T	1	T	1
2	1057	59	0.5	0.5	1	1	-1	0	0	0	0	0	0	C	1	C	1
2	1058	60	0.117347	0.116071	0.260308	0.25	0.000104134	0.00122624	0	0	0	0	0	A	0.510204	A	0.5
2	1059	61	0.0714286	0.0401786	0.134944	0.0921556	0.00409807	0.00246246	0	0	0	0	0	T	0.367347	G	0.361607
2	1060	62	0.0255102	0.0446429	0.0968607	0.0842036	0.000657155	0.00188463	0	0	0	0	0	G	0.352041	C	0.370536
2	1061	63	0.0765306	0.0357143	0.138718	0.094886	0.0028862	0.00225319	0	0	0	0	0	T	0.372449	G	0.370536
2	1062	64	0.5	0.5	1	1	-1	0	0	0	0	0	0	T	1	T	1
2	1063	65	0.0510204	0.0625	0.103316	0.118164	0.000344405	0.000901532	0	0	0	0	0	C	0.341837	G	0.34375
2	1064	66	0.0612245	0.0535714	0.134944	0.103316	0.00221328	0.00141066	0	0	0	0	0	C	0.367347	A	0.366071
2	1065	67	0.102041	0.111607	0.25	0.228177	0.000498495	0.000882603	0	0	0	0	0	T	0.5	G	0.522321
2	1066	68	0.117347	0.138393	0.2399	0.263572	0.000556821	0.000569038	0	0	0	0	0	A	0.510204	C	0.513393
2	1067	69	0.5	0.5	1	1	-1	0	0	0	0	0	0	G	1	G	1
3	100	3	0.5	0.5	1	1	-1	0	0	0	0	0	0	A	1	A	1
3	101	4	0.5	0.5	1	1	-1	0	0	0	0	0	0	T	1	T	1
3	102	5	0.107143	0.111607	0.244924	0.25	2.60315e-005	0.00205037	0	0	0	0	0	G	0.505102	T	0.5
3	103	6	0.0459184	0.03125	0.146423	0.074159	0.00718163	0.00438156	0	0	0	1	1	C	0.382653	A	0.397321
3	104	7	0.132653	0.107143	0.276161	0.232462	0.00188084	0.00275546	0	0	0	0	0	A	0.52551	C	0.517857
3	105	8	0.0357143	0.0491071	0.0731206	0.0921556	0.000710366	0.00116528	0	0	0	0	0	C	0.367347	C	0.361607
3	106	9	0.5	0.5	1	1	-1	0	0	0	0	0	0	G	1	G	1
3	107	10	0.0510204	0.0580357	0.142545	0.121253	0.00220436	0.00159273	0	0	0	0	0	T	0.377551	T	0.348214
3	108	11	0.117347	0.102679	0.255128	0.241151	0.000196861	0.000601737	0	0	0	0	0	C	0.505102	A	0.508929
3	109	12	0.0663265	0.03125	0.123933	0.121253	2.32266e-005	0.000109867	0	0	0	0	0	T	0.352041	T	0.348214
3	1010	13	0.5	0.5	1	1	-1	0	0	0	0	0	0	A	1	A	1
3	1011	14	0.0612245	0.0758929	0.123933	0.124382	0.000154786	0.000650399	0	0	0	0	0	C	0.352041	C	0.352679
3	1012	15	0.0255102	0.0535714	0.0968607	0.112105	0.00187443	0.00145923	0	0	0	0	0	T	0.352041	G	0.370536
3	1013	16	0.0357143	0.0803571	0.093711	0.127551	0.00176225	0.00152085	0	0	0	0	0	T	0.367347	T	0.361607
3	1014	17	0.0561224	0.0535714	0.103316	0.112105	0.000681761	0.00098284	0	0	0	0	0	T	0.367347	T	0.388393
3	1015	18	0.0510204	0.0848214	0.10998	0.0921556	0.000861706	0.00103299	0	0	0	0	0	T	0.362245	T	0.352679
3	1016	19	0.132653	0.151786	0.234928	0.277503	0.00177196	0.00147909	0	0	0	0	0	T	0.515306	G	0.526786
3	1017	20	0.5	0.5	1	1	-1	0	0	0	0	0	0	T	1	T	1
3	1018	21	0.117347	0.15625	0.260308	0.277503	0.000275327	0.000341508	0	0	0	0	0	C	0.510204	C	0.526786
3	1019	22	0.5	0.5	1	1	-1	0	0	0	0	0	0	C	1	C	1
3	1020	23	0.158163	0.133929	0.28699	0.245556	0.0016159	0.0016197	0	0	0	0	0	A	0.535714	G	0.504464
3	1021	24	0.5	0.5	1	1	-1	0	0	0	0	0	0	G	1	G	1
3	1022	25	0.0663265	0.0803571	0.142545	0.150849	0.00311993	0.00313774	0	0	0	0	0	T	0.377551	T	0.388393
3	1023	26	0.5	0.5	1	1	-1	0	0	0	0	0	0	T	1	T	1
3	1024	27	0.132653	0.160714	0.234928	0.311404	0.00538886	0.00454269	0	0	0	1	1	T	0.515306	C	0.558036
3	1025	28	0.137755	0.120536	0.303623	0.25	0.00260988	0.00322212	0	0	0	0	0	A	0.55102	A	0.5
3	1026	29	0.142857	0.107143	0.26554	0.215561	0.00260417	0.00263875	0	0	0	0	0	G	0.515306	A	0.535714
3	1027	30	0.5	0.5	1	1	-1	0	0	0	0	0	0	C	1	C	1
3	1028	31	0.142857	0.107143	0.26554	0.223932	0.00177196	0.0018274	0	0	0	0	0	C	0.515306	A	0.526786
3	1029	32	0.5	0.5	1	1	-1	0	0	0	0	0	0	G	1	G	1
3	1030	33	0.0663265	0.125	0.188073	0.241151	0.00331329	0.0036422	0	0	0	0	0	A	0.566327	A	0.508929
3	1031	34	0.0612245	0.0669643	0.0845741	0.121253	0.00478749	0.00346278	0	0	0	0	0	T	0.372449	G	0.370536
3	1032	35	0.0714286	0.0491071	0.116852	0.100466	0.00044162	0.00148545	0	0	0	0	0	G	0.346939	G	0.348214
3	1033	36	0.107143	0.09375	0.225141	0.203304	0.000559933	0.00134322	0	0	0	0	0	A	0.52551	A	0.549107
3	1034	37	0.0765306	0.0401786	0.154337	0.0976563	0.0039305	0.00287444	0	0	0	0	0	A	0.392857	T	0.366071
3	1035	38	0.0510204	0.0535714	0.103316	0.137297	0.0026667	0.00294998	0	0	0	0	0	A	0.352041	T	0.370536
3	1036	39	0.5	0.5	1	1	-1	0	0	0	0	0	0	T	1	T	1
3	1037	40	0.0612245	0.0758929	0.106622	0.137297	0.00109184	0.00113003	0	0	0	0	0	G	0.341837	C	0.370536
3	1038	41	0.5	0.5	1	1	-1	0	0	0	0	0	0	G	1	G	1
3	1039	42	0.5	0.5	1	1	-1	0	0	0	0	0	0	G	1	G	1
3	1040	43	0.122449	0.129464	0.255128	0.27282	0.00029673	0.000416455	0	0	0	0	0	T	0.505102	T	0.522321
3	1041	44	0.0969388	0.116071	0.215561	0.241151	0.000718907	0.000596171	0	0	0	0	0	A	0.535714	A	0.508929
3	1042	45	0.5	0.5	1	1	-1	0	0	0	0	0	0	C	1	C	1
3	1043	46	0.158163	0.111607	0.26554	0.28699	0.00041758	0.000499878	0	0	0	0	0	C	0.515306	C	0.535714
3	1044	47	0.0357143	0.0401786	0.0816327	0.0791016	0.000210753	0.00207549	0	0	0	0	0	A	0.362245	G	0.370536
3	1045	48	0.0663265	0.0446429	0.127551	0.0766103	0.00833259	0.00545646	0	0	1	1	1	A	0.357143	G	0.415179
3	1046	49	0.0714286	0.0580357	0.106622	0.134008	0.00399619	0.00433986	0	0	0	0	1	A	0.352041	C	0.366071
3	1047	50	0.112245	0.160714	0.25	0.28699	0.00127714	0.00331669	0	0	0	0	0	C	0.5	C	0.535714
3	1048	51	0.112245	0.138393	0.201583	0.28699	0.00752467	0.00501045	0	0	1	1	1	T	0.55102	C	0.535714
3	1049	52	0.0357143	0.0580357	0.0875677	0.115115	0.00272996	0.00321883	0	0	0	0	0	A	0.372449	G	0.357143
3	1050	53	0.0612245	0.0491071	0.138718	0.124382	0.000389107	0.00124524	0	0	0	0	0	T	0.372449	T	0.352679
3	1051	54	0.0714286	0.0446429	0.106622	0.0868144	0.00127718	0.00200883	0	0	0	0	0	A	0.367347	T	0.352679
3	1052	55	0.0255102	0.0491071	0.0875677	0.134008	0.00547106	0.0035872	0	0	0	0	0	A	0.403061	C	0.366071
3	1053	56	0.127551	0.138393	0.2399	0.277503	0.00136862	0.00260718	0	0	0	0	0	T	0.510204	C	0.526786
3	1054	57	0.0510204	0.0357143	0.116852	0.100466	0.00295987	0.00252161	0	0	0	0	0	T	0.372449	G	0.357143
3	1055	58	0.5	0.5	1	1	-1	0	0	0	0	0	0	G	1	G	1
3	1056	59	0.0459184	0.0535714	0.10998	0.121253	0.000302564	0.000768404	0	0	0	0	0	T	0.357143	A	0.348214
3	1057	60	0.0765306	0.0580357	0.131221	0.0976563	0.00181105	0.00138327	0	0	0	0	0	G	0.362245	A	0.348214
3	1058	61	0.5	0.5	1	1	-1	0	0	0	0	0	0	C	1	C	1
3	1059	62	0.0816327	0.0491071	0.142545	0.109136	0.00134497	0.00163369	0	0	0	0	0	G	0.377551	T	0.366071
3	1060	63	0.0765306	0.0491071	0.146423	0.103316	0.00245055	0.00172793	0	0	0	0	0	C	0.382653	G	0.361607
3	1061	64	0.137755	0.133929	0.255128	0.263572	6.87612e-005	0.00169864	0	0	0	0	0	A	0.505102	A	0.513393
3	1062	65	0.0969388	0.129464	0.21085	0.282227	0.00519403	0.00290137	0	0	0	0	0	C	0.540816	T	0.53125
3	1063	66	0.0612245	0.0669643	0.106622	0.112105	3.93654e-005	0.00150364	0	0	0	0	0	A	0.346939	A	0.34375
3	1064	67	0.0969388	0.129464	0.21085	0.25	0.00166875	0.00109565	0	0	0	0	0	T	0.540816	G	0.5
3	1065	68	0.0459184	0.0401786	0.0906133	0.106206	0.000477621	0.000767723	0	0	0	0	0	G	0.382653	G	0.357143
3	1066	69	0.0408163	0.0491071	0.103316	0.106206	0.000642895	0.000614427	0	0	0	0	0	C	0.357143	T	0.348214
4	100	4	0.122449	0.102679	0.255128	0.20735	0.00247843	0.00212393	0	0	0	0	0	G	0.505102	A	0.544643
4	101	5	0.0612245	0.0401786	0.106622	0.106206	0.00135024	0.00144251	0	0	0	0	0	G	0.372449	T	0.34375
4	102	6	0.147959	0.129464	0.26554	0.277503	0.000132015	0.00248025	0	0	0	0	0	A	0.515306	A	0.526786
4	103	7	0.102041	0.147321	0.183673	0.277503	0.00966531	0.00544717	0	0	1	1	1	C	0.571429	T	0.526786
4	104	8	0.0510204	0.0580357	0.10998	0.100466	0.000621926	0.00269181	0	0	0	0	0	T	0.362245	T	0.34375
4	105	9	0.0612245	0.0491071	0.120367	0.124382	0.000996251	0.00178887	0	0	0	0	0	A	0.346939	T	0.375
4	106	10	0.0561224	0.0401786	0.142545	0.106206	0.00458565	0.00277412	0	0	0	0	0	C	0.377551	T	0.370536
4	107	11	0.107143	0.107143	0.2399	0.241151	1.62752e-006	0.00193826	0	0	0	0	0	T	0.510204	T	0.508929
4	108	12	0.0459184	0.0669643	0.134944	0.118164	0.00433984	0.00255393	0	0	0	0	0	G	0.367347	C	0.40625
4	109	13	0.0459184	0.0580357	0.093711	0.0976563	0.000463986	0.00153575	0	0	0	0	0	G	0.362245	A	0.352679
4	1010	14	0.5	0.5	1	1	-1	0	0	0	0	0	0	T	1	T	1
4	1011	15	0.5	0.5	1	1	-1	0	0	0	0	0	0	G	1	G	1
4	1012	16	0.0612245	0.0892857	0.093711	0.161432	0.00706738	0.00706582	1	1	1	1	1	C	0.392857	A	0.401786
4	1013	17	0.5	0.5	1	1	-1	0	0	0	0	0	0	A	1	A	1
4	1014	18	0.5	0.5	1	1	-1	0	0	0	0	0	0	C	1	C	1
4	1015	19	0.127551	0.129464	0.25	0.27282	0.000498495	0.000492686	0	0	0	0	0	A	0.5	A	0.522321
4	1016	20	0.0357143	0.0446429	0.10998	0.115115	0.00047407	0.00051582	0	0	0	0	0	G	0.367347	C	0.339286
4	1017	21	0.5	0.5	1	1	-1	0	0	0	0	0	0	G	1	G	1
4	1018	22	0.0612245	0.0803571	0.103316	0.140625	0.00250578	0.00253787	0	0	0	0	0	T	0.346939	C	0.375
4	1019	23	0.0714286	0.0803571	0.116852	0.161432	0.00276323	0.00260117	0	0	0	0	0	C	0.346939	T	0.401786
4	1020	24	0.112245	0.111607	0.225141	0.27282	0.00228789	0.00243139	0	0	0	0	0	T	0.52551	C	0.522321
4	1021	25	0.5	0.5	1	1	-1	0	0	0	0	0	0	T	1	T	1
4	1022	26	0.0714286	0.0758929	0.100062	0.140625	0.00286167	0.00203107	0	0	0	0	0	A	0.372449	G	0.375
4	1023	27	0.0357143	0.0401786	0.0875677	0.0894651	1.49939e-005	0.000791823	0	0	0	0	0	T	0.362245	T	0.357143
4	1024	28	0.107143	0.120536	0.234928	0.254484	0.000390915	0.00147047	0	0	0	0	0	C	0.515306	T	0.504464
4	1025	29	0.122449	0.0982143	0.276161	0.203304	0.00557085	0.00396762	0	0	0	0	1	G	0.52551	A	0.549107
4	1026	30	0.5	0.5	1	1	-1	0	0	0	0	0	0	T	1	T	1
4	1027	31	0.0510204	0.0491071	0.103316	0.0921556	0.000180127	0.00107649	0	0	0	0	0	C	0.362245	C	0.370536
4	1028	32	0.0663265	0.0446429	0.123933	0.094886	0.00306668	0.00227656	0	0	0	0	0	G	0.352041	A	0.379464
4	1029	33	0.5	0.5	1	1	-1	0	0	0	0	0	0	G	1	G	1
4	1030	34	0.137755	0.102679	0.281549	0.219727	0.00382694	0.00284299	0	0	0	0	0	T	0.530612	C	0.53125
4	1031	35	0.0561224	0.0535714	0.134944	0.121253	0.000341757	0.00131283	0	0	0	0	0	A	0.367347	A	0.348214
4	1032	36	0.5	0.5	1	1	-1	0	0	0	0	0	0	T	1	T	1
4	1033	37	0.0459184	0.0625	0.0787432	0.0894651	0.000362444	0.000522894	0	0	0	0	0	C	0.372449	T	0.352679
4	1034	38	0.0918367	0.120536	0.220325	0.25	0.000937989	0.000774853	0	0	0	0	0	A	0.530612	C	0.5
4	1035	39	0.5	0.5	1	1	-1	0	0	0	0	0	0	C	1	C	1
4	1036	40	0.5	0.5	1	1	-1	0	0	0	0	0	0	T	1	T	1
4	1037	41	0.5	0.5	1	1	-1	0	0	0	0	0	0	A	1	A	1
4	1038	42	0.0663265	0.0848214	0.162458	0.121253	0.00170403	0.00161003	0	0	0	0	0	C	0.403061	T	0.352679
4	1039	43	0.0714286	0.0491071	0.131221	0.106206	0.00146263	0.00121441	0	0	0	0	0	A	0.362245	C	0.339286
4	1040	44	0.127551	0.116071	0.2399	0.228177	0.000146986	0.000542031	0	0	0	0	0	T	0.510204	T	0.522321
4	1041	45	0.0612245	0.0357143	0.120367	0.103316	0.000403398	0.000893973	0	0	0	0	0	G	0.346939	A	0.361607
4	1042	46	0.0765306	0.09375	0.134944	0.165039	0.00289808	0.00176053	0	0	0	0	0	A	0.367347	A	0.40625
4	1043	47	0.0765306	0.0625	0.123933	0.124382	5.60095e-005	0.00205186	0	0	0	0	0	G	0.357143	A	0.352679
4	1044	48	0.102041	0.147321	0.220325	0.301519	0.00635736	0.00455846	0	0	0	1	1	G	0.530612	C	0.549107
4	1045	49	0.5	0.5	1	1	-1	0	0	0	0	0	0	C	1	C	1
4	1046	50	0.147959	0.120536	0.309272	0.232462	0.00548101	0.00423829	0	0	0	0	1	C	0.556122	G	0.517857
4	1047	51	0.0969388	0.0982143	0.192524	0.223932	0.00119529	0.00197827	0	0	0	0	0	T	0.561224	T	0.526786
4	1048	52	0.0612245	0.0714286	0.120367	0.118164	0.000531269	0.000783692	0	0	0	0	0	C	0.346939	C	0.34375
4	1049	53	0.0612245	0.0714286	0.131221	0.109136	0.000720432	0.000680483	0	0	0	0	0	T	0.362245	C	0.34375
4	1050	54	0.5	0.5	1	1	-1	0	0	0	0	0	0	G	1	G	1
4	1051	55	0.102041	0.125	0.225141	0.254484	0.000898868	0.00256253	0	0	0	0	0	G	0.52551	C	0.504464
4	1052	56	0.142857	0.102679	0.270825	0.191406	0.00688596	0.00518896	0	0	1	1	1	A	0.520408	C	0.5625
4	1053	57	0.5	0.5	1	1	-1	0	0	0	0	0	0	A	1	A	1
4	1054	58	0.5	0.5	1	1	-1	0	0	0	0	0	0	A	1	A	1
4	1055	59	0.132653	0.107143	0.281549	0.20735	0.00566445	0.00831845	1	1	1	1	1	A	0.530612	G	0.544643
4	1056	60	0.147959	0.111607	0.344258	0.215561	0.0150329	0.0121669	1	1	1	1	1	T	0.586735	G	0.535714
4	1057	61	0.5	0.5	1	1	-1	0	0	0	0	0	0	T	1	T	1
4	1058	62	0.122449	0.133929	0.255128	0.263572	6.87612e-005	0.000417927	0	0	0	0	0	A	0.505102	A	0.513393
4	1059	63	0.5	0.5	1	1	-1	0	0	0	0	0	0	T	1	T	1
4	1060	64	0.137755	0.107143	0.234928	0.228177	4.92843e-005	0.000126956	0	0	0	0	0	C	0.515306	C	0.522321
4	1061	65	0.0459184	0.0625	0.106622	0.115115	0.000267856	0.00051666	0	0	0	0	0	C	0.357143	C	0.366071
4	1062	66	0.0408163	0.0714286	0.100062	0.127551	0.00108479	0.00263377	0	0	0	0	0	G	0.346939	C	0.357143
4	1063	67	0.0765306	0.0357143	0.158372	0.074159	0.00907765	0.00662589	1	1	1	1	1	C	0.397959	T	0.375
4	1064	68	0.5	0.5	1	1	-1	0	0	0	0	0	0	A	1	A	1
4	1065	69	0.147959	0.120536	0.281549	0.232462	0.00234966	0.00249558	0	0	0	0	0	A	0.530612	C	0.517857
4	1066	70	0.5	0.5	1	1	-1	0	0	0	0	0	0	A	1	A	1
4	1067	71	0.0561224	0.0758929	0.103316	0.143993	0.00190162	0.00146943	0	0	0	0	0	G	0.357143	T	0.379464
4	1068	72	0.0510204	0.0714286	0.10998	0.112105	0.00041214	0.000747141	0	0	0	0	0	T	0.341837	G	0.348214
4	1069	73	0.107143	0.138393	0.26554	0.268176	6.51487e-006	0.00179525	0	0	0	0	0	A	0.515306	A	0.517857
4	1070	74	0.0765306	0.0491071	0.142545	0.0976563	0.00774963	0.00442867	0	0	0	1	1	G	0.377551	T	0.433036
4	1071	75	0.0510204	0.0401786	0.103316	0.0976563	0.000936851	0.00233255	0	0	0	0	0	T	0.382653	T	0.352679
4	1072	76	0.173469	0.129464	0.303623	0.277503	0.000590898	0.000831431	0	0	0	0	0	C	0.55102	C	0.526786
4	1073	77	0.5	0.5	1	1	-1	0	0	0	0	0	0	T	1	T	1
4	1074	78	0.0561224	0.0446429	0.106622	0.0791016	0.00206373	0.00203026	0	0	0	0	0	A	0.346939	G	0.383929
4	1075	79	0.5	0.5	1	1	-1	0	0	0	0	0	0	T	1	T	1
4	1076	80	0.112245	0.151786	0.2399	0.28699	0.00210987	0.00200421	0	0	0	0	0	A	0.510204	G	0.535714
4	1077	81	0.142857	0.142857	0.276161	0.321449	0.00173326	0.00183439	0	0	0	0	0	C	0.52551	C	0.566964
4	1078	82	0.5	0.5	1	1	-1	0	0	0	0	0	0	T	1	T	1
4	1079	83	0.102041	0.120536	0.225141	0.263572	0.00151367	0.00151904	0	0	0	0	0	A	0.52551	C	0.513393
4	1080	84	0.5	0.5	1	1	-1	0	0	0	0	0	0	C	1	C	1
4	1081	85	0.5	0.5	1	1	-1	0	0	0	0	0	0	T	1	T	1
5	100	5	0.5	0.5	1	1	-1	0	0	0	0	0	0	T	1	T	1
5	101	6	0.5	0.5	1	1	-1	0	0	0	0	0	0	A	1	A	1
5	102	7	0.0459184	0.0625	0.103316	0.103316	0.00129237	0.00126544	0	0	0	0	0	C	0.346939	C	0.388393
5	103	8	0.5	0.5	1	1	-1	0	0	0	0	0	0	C	1	C	1
5	104	9	0.0663265	0.0580357	0.123933	0.134008	0.000162887	0.00091844	0	0	0	0	0	A	0.352041	A	0.366071
5	105	10	0.0765306	0.0580357	0.131221	0.118164	0.0022277	0.00350521	0	0	0	0	0	G	0.377551	A	0.34375
5	106	11	0.0204082	0.0892857	0.0787432	0.168686	0.0102888	0.00612018	1	1	1	1	1	A	0.382653	G	0.410714
5	107	12	0.127551	0.125	0.234928	0.223932	0.000132015	0.0026313	0	0	0	0	0	A	0.515306	A	0.526786
5	108	13	0.153061	0.102679	0.255128	0.219727	0.00132238	0.00114535	0	0	0	0	0	T	0.505102	C	0.53125
5	109	14	0.5	0.5	1	1	-1	0	0	0	0	0	0	C	1	C	1
5	1010	15	0.5	0.5	1	1	-1	0	0	0	0	0	0	G	1	G	1
5	1011	16	0.5	0.5	1	1	-1	0	0	0	0	0	0	T	1	T	1
5	1012	17	0.142857	0.107143	0.255128	0.203304	0.00294434	0.00339614	0	0	0	0	0	T	0.505102	A	0.549107
5	1013	18	0.0153061	0.0758929	0.0845741	0.118164	0.00453904	0.00408723	0	0	0	0	1	T	0.392857	A	0.352679
5	1014	19	0.5	0.5	1	1	-1	0	0	0	0	0	0	G	1	G	1
5	1015	20	0.5	0.5	1	1	-1	0	0	0	0	0	0	A	1	A	1
5	1016	21	0.5	0.5	1	1	-1	0	0	0	0	0	0	A	1	A	1
5	1017	22	0.5	0.5	1	1	-1	0	0	0	0	0	0	A	1	A	1
5	1018	23	0.102041	0.133929	0.175031	0.254484	0.00745709	0.00549422	0	0	1	1	1	G	0.581633	T	0.504464
5	1019	24	0.0867347	0.111607	0.21085	0.232462	0.000528945	0.00249181	0	0	0	0	0	A	0.540816	A	0.517857
5	1020	25	0.5	0.5	1	1	-1	0	0	0	0	0	0	T	1	T	1
5	1021	26	0.5	0.5	1	1	-1	0	0	0	0	0	0	C	1	C	1
5	1022	27	0.147959	0.125	0.276161	0.228177	0.00228789	0.00271648	0	0	0	0	0	T	0.52551	G	0.522321
5	1023	28	0.0765306	0.0803571	0.116852	0.124382	0.00387315	0.0029998	0	0	0	0	0	G	0.397959	T	0.352679
5	1024	29	0.158163	0.125	0.281549	0.241151	0.00156421	0.00217186	0	0	0	0	0	A	0.530612	T	0.508929
5	1025	30	0.0714286	0.0625	0.120367	0.124382	0.0020005	0.00191129	0	0	0	0	0	G	0.346939	T	0.375
5	1026	31	0.5	0.5	1	1	-1	0	0	0	0	0	0	A	1	A	1
5	1027	32	0.5	0.5	1	1	-1	0	0	0	0	0	0	T	1	T	1
5	1028	33	0.153061	0.142857	0.270825	0.282227	0.00011786	0.00011203	0	0	0	0	0	C	0.520408	C	0.53125
5	1029	34	0.117347	0.102679	0.220325	0.215561	2.61458e-005	0.00031554	0	0	0	0	0	C	0.530612	C	0.535714
5	1030	35	0.0408163	0.0625	0.0845741	0.106206	0.00124527	0.000875445	0	0	0	0	0	T	0.357143	G	0.361607
5	1031	36	0.5	0.5	1	1	-1	0	0	0	0	0	0	C	1	C	1
5	1032	37	0.0459184	0.0580357	0.093711	0.106206	0.000237406	0.000208328	0	0	0	0	0	G	0.362245	G	0.357143
5	1033	38	0.117347	0.120536	0.234928	0.236787	3.6636e-006	0.000340545	0	0	0	0	0	G	0.515306	G	0.513393
5	1034	39	0.0612245	0.0580357	0.10998	0.143993	0.00129532	0.000917469	0	0	0	0	0	C	0.346939	G	0.379464
5	1035	40	0.5	0.5	1	1	-1	0	0	0	0	0	0	C	1	C	1
5	1036	41	0.5	0.5	1	1	-1	0	0	0	0	0	0	C	1	C	1
5	1037	42	0.0969388	0.129464	0.201583	0.282227	0.00677107	0.0053452	0	0	1	1	1	A	0.55102	G	0.53125
5	1038	43	0.0510204	0.0714286	0.0845741	0.109136	0.00174075	0.00311164	0	0	0	0	0	A	0.392857	A	0.339286
5	1039	44	0.5	0.5	1	1	-1	0	0	0	0	0	0	G	1	G	1
5	1040	45	0.117347	0.142857	0.260308	0.263572	1.0174e-005	8.70499e-005	0	0	0	0	0	C	0.510204	C	0.513393
5	1041	46	0.5	0.5	1	1	-1	0	0	0	0	0	0	G	1	G	1
5	1042	47	0.0561224	0.0446429	0.106622	0.106206	0.00151659	0.00143721	0	0	0	0	0	G	0.357143	C	0.361607
5	1043	48	0.0255102	0.0357143	0.0787432	0.106206	0.00132458	0.00136728	0	0	0	0	0	T	0.372449	G	0.339286
5	1044	49	0.5	0.5	1	1	-1	0	0	0	0	0	0	C	1	C	1
5	1045	50	0.0459184	0.0625	0.0816327	0.094886	0.000712111	0.00207897	0	0	0	0	0	T	0.387755	T	0.352679
5	1046	51	0.0408163	0.0669643	0.093711	0.140625	0.00559925	0.00369329	0	0	0	0	0	T	0.382653	G	0.375
5	1047	52	0.0663265	0.0848214	0.120367	0.161432	0.00182425	0.00311411	0	0	0	0	0	C	0.357143	A	0.401786
5	1048	53	0.0510204	0.09375	0.116852	0.165039	0.00418396	0.00295684	0	0	0	0	0	A	0.367347	C	0.40625
5	1049	54	0.117347	0.147321	0.2399	0.268176	0.000787478	0.00214081	0	0	0	0	0	G	0.510204	C	0.517857
5	1050	55	0.0408163	0.0580357	0.0759059	0.118164	0.00353857	0.00287061	0	0	0	0	0	T	0.408163	A	0.34375
5	1051	56	0.5	0.5	1	1	-1	0	0	0	0	0	0	C	1	C	1
5	1052	57	0.122449	0.09375	0.244924	0.165039	0.00793601	0.00680242	1	1	1	1	1	G	0.505102	G	0.59375
5	1053	58	0.117347	0.107143	0.28699	0.219727	0.0044843	0.00448492	0	0	0	1	1	G	0.535714	C	0.53125
5	1054	59	0.107143	0.129464	0.220325	0.254484	0.0012312	0.00209479	0	0	0	0	0	T	0.530612	G	0.504464
5	1055	60	0.127551	0.125	0.292482	0.254484	0.00132419	0.00222131	0	0	0	0	0	A	0.540816	A	0.504464
5	1056	61	0.0510204	0.0535714	0.0787432	0.140625	0.00540919	0.00347447	0	0	0	0	0	C	0.382653	T	0.375
5	1057	62	0.0918367	0.111607	0.20619	0.236787	0.00106164	0.00184435	0	0	0	0	0	T	0.545918	T	0.513393
5	1058	63	0.0510204	0.0580357	0.0906133	0.106206	0.000350353	0.000683884	0	0	0	0	0	T	0.362245	T	0.348214
5	1059	64	0.132653	0.129464	0.276161	0.245556	0.000898868	0.000589635	0	0	0	0	0	C	0.52551	T	0.504464
5	1060	65	0.117347	0.111607	0.255128	0.259008	1.46452e-005	0.000332502	0	0	0	0	0	C	0.505102	C	0.508929
5	1061	66	0.5	0.5	1	1	-1	0	0	0	0	0	0	C	1	C	1
5	1062	67	0.147959	0.125	0.303623	0.236787	0.00415495	0.0033939	0	0	0	0	0	T	0.55102	C	0.513393
5	1063	68	0.117347	0.142857	0.230008	0.27282	0.00182582	0.00215071	0	0	0	0	0	C	0.520408	A	0.522321
5	1064	69	0.112245	0.0982143	0.255128	0.223932	0.00101731	0.00129972	0	0	0	0	0	G	0.505102	C	0.526786
5	1065	70	0.0408163	0.0580357	0.127551	0.118164	0.00137771	0.0010556	0	0	0	0	0	C	0.382653	C	0.348214
5	1066	71	0.0663265	0.0580357	0.093711	0.0976563	0.000229625	0.000555775	0	0	0	0	0	A	0.357143	A	0.370536
5	1067	72	0.5	0.5	1	1	-1	0	0	0	0	0	0	T	1	T	1
5	1068	73	0.107143	0.107143	0.234928	0.223932	0.000132015	0.00115822	0	0	0	0	0	G	0.515306	G	0.526786
5	1069	74	0.0612245	0.0580357	0.134944	0.094886	0.00381135	0.00275229	0	0	0	0	0	C	0.367347	G	0.375
5	1070	75	0.5	0.5	1	1	-1	0	0	0	0	0	0	T	1	T	1
5	1071	76	0.142857	0.133929	0.270825	0.228177	0.00182582	0.00187276	0	0	0	0	0	C	0.520408	T	0.522321
6	100	6	0.173469	0.165179	0.332388	0.316406	0.000200738	0.000737293	0	0	0	0	0	T	0.576531	T	0.5625
6	101	7	0.0816327	0.107143	0.188073	0.228177	0.00195179	0.00180731	0	0	0	0	0	T	0.566327	T	0.522321
6	102	8	0.0408163	0.0446429	0.11339	0.118164	0.00304842	0.00269406	0	0	0	0	0	A	0.357143	T	0.366071
6	103	9	0.5	0.5	1	1	-1	0	0	0	0	0	0	G	1	G	1
6	104	10	0.0459184	0.0446429	0.127551	0.0842036	0.00269268	0.00270099	0	0	0	0	0	G	0.357143	C	0.375
6	105	11	0.5	0.5	1	1	-1	0	0	0	0	0	0	T	1	T	1
6	106	12	0.5	0.5	1	1	-1	0	0	0	0	0	0	G	1	G	1
6	107	13	0.127551	0.107143	0.2399	0.232462	5.86155e-005	0.000395881	0	0	0	0	0	T	0.510204	T	0.517857
6	108	14	0.112245	0.111607	0.244924	0.211436	0.00123289	0.000843481	0	0	0	0	0	G	0.505102	G	0.540179
6	109	15	0.0510204	0.0580357	0.093711	0.094886	0.000634972	0.000832185	0	0	0	0	0	C	0.346939	C	0.375
6	1010	16	0.137755	0.125	0.28699	0.254484	0.000978142	0.000886833	0	0	0	0	0	T	0.535714	T	0.504464
6	1011	17	0.5	0.5	1	1	-1	0	0	0	0	0	0	G	1	G	1
6	1012	18	0.5	0.5	1	1	-1	0	0	0	0	0	0	G	1	G	1
6	1013	19	0.5	0.5	1	1	-1	0	0	0	0	0	0	A	1	A	1
6	1014	20	0.5	0.5	1	1	-1	0	0	0	0	0	0	C	1	C	1
6	1015	21	0.5	0.5	1	1	-1	0	0	0	0	0	0	A	1	A	1
6	1016	22	0.5	0.5	1	1	-1	0	0	0	0	0	0	T	1	T	1
6	1017	23	0.5	0.5	1	1	-1	0	0	0	0	0	0	A	1	A	1
6	1018	24	0.5	0.5	1	1	-1	0	0	0	0	0	0	C	1	C	1
6	1019	25	0.153061	0.111607	0.281549	0.232462	0.00234966	0.00169378	0	0	0	0	0	G	0.530612	C	0.517857
6	1020	26	0.132653	0.116071	0.244924	0.254484	9.15146e-005	0.000761495	0	0	0	0	0	C	0.505102	G	0.504464
6	1021	27	0.0765306	0.0580357	0.120367	0.112105	0.000773153	0.00098271	0	0	0	0	0	A	0.372449	A	0.348214
6	1022	28	0.127551	0.142857	0.260308	0.311404	0.00229857	0.00170127	0	0	0	0	0	C	0.510204	C	0.558036
6	1023	29	0.122449	0.102679	0.255128	0.219727	0.00132238	0.00124024	0	0	0	0	0	G	0.505102	T	0.53125
6	1024	30	0.122449	0.107143	0.230008	0.228177	3.66728e-006	0.000427539	0	0	0	0	0	T	0.520408	T	0.522321
6	1025	31	0.5	0.5	1	1	-1	0	0	0	0	0	0	C	1	C	1
6	1026	32	0.0969388	0.09375	0.230008	0.195332	0.0014246	0.00136336	0	0	0	0	0	G	0.520408	G	0.558036
6	1027	33	0.5	0.5	1	1	-1	0	0	0	0	0	0	A	1	A	1
6	1028	34	0.102041	0.120536	0.225141	0.211436	0.000216093	0.000243392	0	0	0	0	0	C	0.52551	C	0.540179
6	1029	35	0.5	0.5	1	1	-1	0	0	0	0	0	0	A	1	A	1
6	1030	36	0.137755	0.142857	0.28699	0.27282	0.000179975	0.000176635	0	0	0	0	0	G	0.535714	G	0.522321
6	1031	37	0.5	0.5	1	1	-1	0	0	0	0	0	0	C	1	C	1
6	1032	38	0.137755	0.111607	0.255128	0.254484	4.06769e-007	4.6877e-006	0	0	0	0	0	G	0.505102	G	0.504464
6	1033	39	0.5	0.5	1	1	-1	0	0	0	0	0	0	T	1	T	1
6	1034	40	0.5	0.5	1	1	-1	0	0	0	0	0	0	A	1	A	1
6	1035	41	0.5	0.5	1	1	-1	0	0	0	0	0	0	G	1	G	1
6	1036	42	0.5	0.5	1	1	-1	0	0	0	0	0	0	C	1	C	1
6	1037	43	0.142857	0.147321	0.255128	0.342016	0.00640699	0.00529396	0	0	1	1	1	T	0.505102	T	0.584821
6	1038	44	0.107143	0.151786	0.244924	0.296636	0.00247843	0.00359146	0	0	0	0	0	A	0.505102	T	0.544643
6	1039	45	0.5	0.5	1	1	-1	0	0	0	0	0	0	A	1	A	1
6	1040	46	0.5	0.5	1	1	-1	0	0	0	0	0	0	C	1	C	1
6	1041	47	0.0969388	0.0357143	0.138718	0.0842036	0.0108298	0.00766792	1	1	1	1	1	G	0.372449	T	0.428571
6	1042	48	0.122449	0.129464	0.234928	0.223932	0.000132015	0.00251642	0	0	0	0	0	C	0.515306	C	0.526786
6	1043	49	0.0510204	0.0446429	0.11339	0.106206	0.000234696	0.000383783	0	0	0	0	0	C	0.336735	T	0.357143
6	1044	50	0.5	0.5	1	1	-1	0	0	0	0	0	0	A	1	A	1
6	1045	51	0.107143	0.138393	0.234928	0.245556	0.000117591	0.000261037	0	0	0	0	0	T	0.515306	T	0.504464
6	1046	52	0.5	0.5	1	1	-1	0	0	0	0	0	0	G	1	G	1
6	1047	53	0.137755	0.120536	0.270825	0.195332	0.00616217	0.00587307	0	1	1	1	1	G	0.520408	C	0.558036
6	1048	54	0.0612245	0.0357143	0.100062	0.103316	0.00557691	0.00542811	0	0	1	1	1	T	0.387755	A	0.379464
6	1049	55	0.132653	0.15625	0.244924	0.316406	0.00458514	0.00407411	0	0	0	0	1	A	0.505102	C	0.5625
6	1050	56	0.137755	0.142857	0.309272	0.27282	0.00114958	0.00221868	0	0	0	0	0	A	0.556122	A	0.522321
6	1051	57	0.5	0.5	1	1	-1	0	0	0	0	0	0	T	1	T	1
6	1052	58	0.0765306	0.0625	0.150354	0.106206	0.00429252	0.00421768	0	0	0	0	1	T	0.387755	G	0.339286
6	1053	59	0.5	0.5	1	1	-1	0	0	0	0	0	0	A	1	A	1
6	1054	60	0.5	0.5	1	1	-1	0	0	0	0	0	0	G	1	G	1
6	1055	61	0.5	0.5	1	1	-1	0	0	0	0	0	0	T	1	T	1
6	1056	62	0.0867347	0.15625	0.220325	0.342016	0.0133642	0.00989097	1	1	1	1	1	C	0.530612	A	0.584821
6	1057	63	0.107143	0.107143	0.201583	0.232462	0.00110504	0.00451188	0	0	0	1	1	G	0.55102	G	0.517857
6	1058	64	0.5	0.5	1	1	-1	0	0	0	0	0	0	A	1	A	1
6	1059	65	0.122449	0.125	0.25	0.223932	0.00071799	0.000833044	0	0	0	0	0	T	0.5	A	0.526786
6	1060	66	0.102041	0.120536	0.234928	0.268176	0.00109981	0.000991652	0	0	0	0	0	T	0.515306	C	0.517857
6	1061	67	0.5	0.5	1	1	-1	0	0	0	0	0	0	A	1	A	1
6	1062	68	0.5	0.5	1	1	-1	0	0	0	0	0	0	A	1	A	1
6	1063	69	0.137755	0.129464	0.255128	0.241151	0.000196861	0.000226444	0	0	0	0	0	T	0.505102	G	0.508929
6	1064	70	0.5	0.5	1	1	-1	0	0	0	0	0	0	T	1	T	1
6	1065	71	0.0765306	0.0446429	0.138718	0.112105	0.00142931	0.00120598	0	0	0	0	0	G	0.372449	A	0.34375
6	1066	72	0.132653	0.120536	0.25	0.25	0	0.00314023	0	0	0	0	0	G	0.5	G	0.5
6	1067	73	0.0255102	0.0758929	0.0550812	0.147401	0.0125915	0.00836296	1	1	1	1	1	A	0.403061	C	0.383929
6	1068	74	0.163265	0.111607	0.28699	0.20735	0.00645779	0.00792838	1	1	1	1	1	T	0.535714	C	0.544643
6	1069	75	0.5	0.5	1	1	-1	0	0	0	0	0	0	A	1	A	1
6	1070	76	0.0459184	0.0580357	0.103316	0.124382	0.000654423	0.000864739	0	0	0	0	0	G	0.352041	T	0.352679
6	1071	77	0.0306122	0.0446429	0.0816327	0.106206	0.00104423	0.000934724	0	0	0	0	0	G	0.408163	G	0.375
7	100	7	0.142857	0.129464	0.270825	0.259008	0.000131895	0.000339242	0	0	0	0	0	C	0.520408	C	0.508929
7	101	8	0.117347	0.111607	0.234928	0.20735	0.000863748	0.000730001	0	0	0	0	0	T	0.515306	T	0.544643
7	102	9	0.5	0.5	1	1	-1	0	0	0	0	0	0	T	1	T	1
7	103	10	0.107143	0.142857	0.192524	0.259008	0.00493495	0.00483681	0	0	0	1	1	T	0.561224	A	0.508929
7	104	11	0.5	0.5	1	1	-1	0	0	0	0	0	0	T	1	T	1
7	105	12	0.5	0.5	1	1	-1	0	0	0	0	0	0	T	1	T	1
7	106	13	0.0612245	0.0758929	0.120367	0.121253	0.00117624	0.00116861	0	0	0	0	0	C	0.346939	T	0.370536
7	107	14	0.0510204	0.0401786	0.0875677	0.115115	0.00114704	0.0011714	0	0	0	0	0	C	0.367347	G	0.339286
7	108	15	0.5	0.5	1	1	-1	0	0	0	0	0	0	C	1	C	1
7	109	16	0.0561224	0.0580357	0.123933	0.0976563	0.00209023	0.0023401	0	0	0	0	0	C	0.352041	A	0.366071
7	1010	17	0.0714286	0.0535714	0.11339	0.121253	0.00318992	0.002218	0	0	0	0	0	A	0.382653	C	0.348214
7	1011	18	0.127551	0.133929	0.25	0.245556	1.99302e-005	0.000751231	0	0	0	0	0	C	0.5	T	0.504464
7	1012	19	0.137755	0.125	0.25	0.241151	7.97257e-005	0.000185163	0	0	0	0	0	C	0.5	G	0.508929
7	1013	20	0.5	0.5	1	1	-1	0	0	0	0	0	0	A	1	A	1
7	1014	21	0.122449	0.116071	0.26554	0.203304	0.00415381	0.00337991	0	0	0	0	0	A	0.515306	T	0.549107
7	1015	22	0.137755	0.125	0.270825	0.228177	0.00182582	0.00197422	0	0	0	0	0	G	0.520408	T	0.522321
7	1016	23	0.0510204	0.0535714	0.100062	0.106206	0.000179776	0.000947201	0	0	0	0	0	T	0.357143	T	0.339286
7	1017	24	0.137755	0.125	0.309272	0.263572	0.00183468	0.0012004	0	0	0	0	0	C	0.556122	C	0.513393
7	1018	25	0.0459184	0.0714286	0.138718	0.161432	0.000576131	0.0009199	0	0	0	0	0	C	0.372449	C	0.401786
7	1019	26	0.5	0.5	1	1	-1	0	0	0	0	0	0	A	1	A	1
7	1020	27	0.5	0.5	1	1	-1	0	0	0	0	0	0	A	1	A	1
7	1021	28	0.0408163	0.0669643	0.0816327	0.118164	0.00239686	0.00188275	0	0	0	0	0	T	0.367347	G	0.34375
7	1022	29	0.0357143	0.0535714	0.100062	0.121253	0.000583036	0.00111217	0	0	0	0	0	T	0.346939	C	0.348214
7	1023	30	0.5	0.5	1	1	-1	0	0	0	0	0	0	T	1	T	1
7	1024	31	0.0357143	0.0535714	0.10998	0.074159	0.00198327	0.00194999	0	0	0	0	0	C	0.336735	C	0.366071
7	1025	32	0.5	0.5	1	1	-1	0	0	0	0	0	0	T	1	T	1
7	1026	33	0.5	0.5	1	1	-1	0	0	0	0	0	0	G	1	G	1
7	1027	34	0.142857	0.160714	0.281549	0.291793	9.19755e-005	9.24214e-005	0	0	0	0	0	G	0.530612	G	0.540179
7	1028	35	0.5	0.5	1	1	-1	0	0	0	0	0	0	T	1	T	1
7	1029	36	0.5	0.5	1	1	-1	0	0	0	0	0	0	C	1	C	1
7	1030	37	0.127551	0.0848214	0.260308	0.191406	0.00530038	0.00522693	0	0	1	1	1	C	0.510204	G	0.5625
7	1031	38	0.5	0.5	1	1	-1	0	0	0	0	0	0	T	1	T	1
7	1032	39	0.0561224	0.0357143	0.100062	0.0842036	0.002269	0.00355503	0	0	0	0	0	T	0.367347	A	0.379464
7	1033	40	0.147959	0.129464	0.309272	0.223932	0.00687968	0.00443596	0	0	0	1	1	T	0.556122	C	0.526786
7	1034	41	0.137755	0.120536	0.2399	0.215561	0.000652146	0.00203744	0	0	0	0	0	T	0.510204	T	0.535714
7	1035	42	0.0969388	0.0669643	0.131221	0.150849	0.000690138	0.00106783	0	0	0	0	0	A	0.362245	A	0.388393
7	1036	43	0.0510204	0.0714286	0.100062	0.140625	0.00195668	0.00190514	0	0	0	0	0	A	0.346939	G	0.375
7	1037	44	0.0459184	0.0580357	0.103316	0.154337	0.00305045	0.00255049	0	0	0	0	0	A	0.341837	C	0.392857
7	1038	45	0.0561224	0.0714286	0.103316	0.143993	0.00212749	0.00195343	0	0	0	0	0	C	0.341837	T	0.379464
7	1039	46	0.122449	0.125	0.270825	0.25	0.000416667	0.000942757	0	0	0	0	0	G	0.520408	G	0.5
7	1040	47	0.5	0.5	1	1	-1	0	0	0	0	0	0	A	1	A	1
7	1041	48	0.117347	0.116071	0.2399	0.20735	0.00118961	0.00117886	0	0	0	0	0	G	0.510204	G	0.544643
7	1042	49	0.5	0.5	1	1	-1	0	0	0	0	0	0	C	1	C	1
7	1043	50	0.0306122	0.0535714	0.100062	0.134008	0.00149194	0.00148474	0	0	0	0	0	T	0.362245	G	0.366071
7	1044	51	0.5	0.5	1	1	-1	0	0	0	0	0	0	A	1	A	1
7	1045	52	0.5	0.5	1	1	-1	0	0	0	0	0	0	C	1	C	1
7	1046	53	0.0867347	0.129464	0.197027	0.268176	0.00548101	0.00536496	0	0	1	1	1	G	0.556122	C	0.517857
7	1047	54	0.5	0.5	1	1	-1	0	0	0	0	0	0	C	1	C	1
7	1048	55	0.0510204	0.0491071	0.120367	0.115115	0.000650811	0.000765963	0	0	0	0	0	C	0.346939	A	0.34375
7	1049	56	0.5	0.5	1	1	-1	0	0	0	0	0	0	A	1	A	1
7	1050	57	0.5	0.5	1	1	-1	0	0	0	0	0	0	A	1	A	1
7	1051	58	0.158163	0.129464	0.26554	0.259008	4.06971e-005	0.00101867	0	0	0	0	0	A	0.515306	A	0.508929
7	1052	59	0.0867347	0.0848214	0.220325	0.168686	0.00349279	0.00248007	0	0	0	0	0	T	0.530612	T	0.589286
7	1053	60	0.5	0.5	1	1	-1	0	0	0	0	0	0	T	1	T	1
7	1054	61	0.132653	0.116071	0.25	0.228177	0.000498495	0.00104842	0	0	0	0	0	T	0.5	A	0.522321
7	1055	62	0.0102041	0.0535714	0.0731206	0.112105	0.00235296	0.00142862	0	0	0	0	0	T	0.392857	T	0.357143
7	1056	63	0.153061	0.142857	0.281549	0.277503	1.46907e-005	0.000850696	0	0	0	0	0	C	0.530612	C	0.526786
7	1057	64	0.0663265	0.0401786	0.10998	0.109136	0.00150295	0.00121208	0	0	0	0	0	A	0.352041	A	0.397321
7	1058	65	0.147959	0.15625	0.298027	0.27282	0.000559421	0.00452058	0	0	0	1	1	A	0.545918	A	0.522321
7	1059	66	0.0816327	0.169643	0.179326	0.311404	0.0181143	0.0101315	1	1	1	1	1	G	0.576531	T	0.558036
7	1060	67	0.142857	0.133929	0.270825	0.263572	4.92708e-005	0.00504189	0	0	1	1	1	G	0.520408	G	0.513393
7	1061	68	0.5	0.5	1	1	-1	0	0	0	0	0	0	T	1	T	1
7	1062	69	0.0408163	0.0491071	0.0787432	0.109136	0.00238737	0.00228889	0	0	0	0	0	A	0.382653	G	0.348214
7	1063	70	0.5	0.5	1	1	-1	0	0	0	0	0	0	A	1	A	1
7	1064	71	0.158163	0.120536	0.292482	0.27282	0.00034343	0.00130809	0	0	0	0	0	G	0.540816	G	0.522321
7	1065	72	0.127551	0.0982143	0.270825	0.211436	0.00367219	0.00244912	0	0	0	0	0	A	0.520408	C	0.540179
7	1066	73	0.0510204	0.0669643	0.093711	0.121253	0.00146098	0.00203951	0	0	0	0	0	A	0.367347	C	0.348214
7	1067	74	0.5	0.5	1	1	-1	0	0	0	0	0	0	T	1	T	1
7	1068	75	0.0918367	0.0669643	0.154337	0.127551	0.000996799	0.00198866	0	0	0	0	0	T	0.392857	T	0.357143
7	1069	76	0.0867347	0.0669643	0.138718	0.137297	0.00452928	0.00347431	0	0	0	0	0	A	0.372449	T	0.379464
7	1070	77	0.5	0.5	1	1	-1	0	0	0	0	0	0	G	1	G	1
7	1071	78	0.0408163	0.0446429	0.0816327	0.0868144	0.000399622	0.000381425	0	0	0	0	0	T	0.387755	T	0.361607
7	1072	79	0.122449	0.120536	0.25	0.241151	7.97257e-005	0.000214131	0	0	0	0	0	T	0.5	G	0.508929
7	1073	80	0.122449	0.111607	0.2399	0.259008	0.000366059	0.000286909	0	0	0	0	0	G	0.510204	T	0.508929
7	1074	81	0.5	0.5	1	1	-1	0	0	0	0	0	0	C	1	C	1
7	1075	82	0.5	0.5	1	1	-1	0	0	0	0	0	0	C	1	C	1
8	100	8	0.0459184	0.0535714	0.0968607	0.127551	0.00277521	0.00277521	0	0	0	0	0	T	0.352041	T	0.375
8	101	9	0.5	0.5	1	1	-1	0	0	0	0	0	0	A	1	A	1
8	102	10	0.5	0.5	1	1	-1	0	0	0	0	0	0	T	1	T	1
8	103	11	0.142857	0.111607	0.281549	0.215561	0.00439932	0.00439894	0	0	0	1	1	G	0.530612	T	0.535714
8	104	12	0.5	0.5	1	1	-1	0	0	0	0	0	0	C	1	C	1
8	105	13	0.5	0.5	1	1	-1	0	0	0	0	0	0	T	1	T	1
8	106	14	0.0765306	0.0446429	0.10998	0.0816327	0.00208267	0.00152808	0	0	0	0	0	T	0.377551	T	0.366071
8	107	15	0.0612245	0.0892857	0.134944	0.134008	0.000192141	0.000659082	0	0	0	0	0	G	0.367347	G	0.366071
8	108	16	0.142857	0.116071	0.270825	0.25	0.000416667	0.000382808	0	0	0	0	0	T	0.520408	T	0.5
8	109	17	0.5	0.5	1	1	-1	0	0	0	0	0	0	G	1	G	1
8	1010	18	0.5	0.5	1	1	-1	0	0	0	0	0	0	G	1	G	1
8	1011	19	0.5	0.5	1	1	-1	0	0	0	0	0	0	A	1	A	1
8	1012	20	0.117347	0.160714	0.276161	0.291793	0.000216093	0.000216093	0	0	0	0	0	T	0.52551	T	0.540179
8	1013	21	0.5	0.5	1	1	-1	0	0	0	0	0	0	C	1	C	1
8	1014	22	0.5	0.5	1	1	-1	0	0	0	0	0	0	C	1	C	1
8	1015	23	0.0765306	0.0357143	0.146423	0.0894651	0.00393526	0.00422929	0	0	0	0	1	C	0.382653	A	0.366071
8	1016	24	0.0663265	0.0580357	0.093711	0.127551	0.00489251	0.0047974	0	0	0	1	1	C	0.387755	G	0.357143
8	1017	25	0.0765306	0.0580357	0.154337	0.0868144	0.00557187	0.00469398	0	0	0	1	1	C	0.392857	G	0.383929
8	1018	26	0.0408163	0.0491071	0.123933	0.094886	0.0023216	0.00322459	0	0	0	0	0	A	0.362245	C	0.348214
8	1019	27	0.5	0.5	1	1	-1	0	0	0	0	0	0	A	1	A	1
8	1020	28	0.107143	0.107143	0.21085	0.232462	0.000528945	0.000743636	0	0	0	0	0	A	0.540816	A	0.517857
8	1021	29	0.142857	0.111607	0.276161	0.241151	0.00118636	0.00098547	0	0	0	0	0	T	0.52551	A	0.508929
8	1022	30	0.5	0.5	1	1	-1	0	0	0	0	0	0	A	1	A	1
8	1023	31	0.0561224	0.0625	0.116852	0.127551	0.000136743	0.000227672	0	0	0	0	0	G	0.341837	G	0.357143
8	1024	32	0.0612245	0.0625	0.123933	0.112105	0.000398281	0.000361462	0	0	0	0	0	C	0.357143	C	0.348214
8	1025	33	0.5	0.5	1	1	-1	0	0	0	0	0	0	C	1	C	1
8	1026	34	0.0612245	0.0803571	0.123933	0.118164	0.00248337	0.00181565	0	0	0	0	0	T	0.352041	C	0.357143
8	1027	35	0.102041	0.120536	0.2399	0.254484	0.000215168	0.000857711	0	0	0	0	0	A	0.510204	G	0.504464
8	1028	36	0.5	0.5	1	1	-1	0	0	0	0	0	0	T	1	T	1
8	1029	37	0.5	0.5	1	1	-1	0	0	0	0	0	0	C	1	C	1
8	1030	38	0.0663265	0.0491071	0.127551	0.100466	0.00171956	0.00241859	0	0	0	0	0	C	0.357143	T	0.379464
8	1031	39	0.153061	0.151786	0.314973	0.245556	0.00432896	0.00282804	0	0	0	0	0	C	0.561224	G	0.504464
8	1032	40	0.0510204	0.0625	0.093711	0.103316	0.000139767	0.0013604	0	0	0	0	0	C	0.372449	C	0.361607
8	1033	41	0.5	0.5	1	1	-1	0	0	0	0	0	0	C	1	C	1
8	1034	42	0.0510204	0.0535714	0.116852	0.0921556	0.00293011	0.00205561	0	0	0	0	0	G	0.377551	A	0.352679
8	1035	43	0.0714286	0.0535714	0.116852	0.115115	5.52326e-005	0.000798081	0	0	0	0	0	G	0.341837	G	0.339286
8	1036	44	0.0357143	0.0714286	0.106622	0.109136	0.000521568	0.000634044	0	0	0	0	0	G	0.341837	G	0.366071
8	1037	45	0.142857	0.107143	0.276161	0.241151	0.00118636	0.00152452	0	0	0	0	0	A	0.52551	T	0.508929
8	1038	46	0.0561224	0.0625	0.106622	0.118164	0.0033724	0.0027734	0	0	0	0	0	T	0.377551	A	0.352679
8	1039	47	0.122449	0.125	0.230008	0.28699	0.00315047	0.00254198	0	0	0	0	0	G	0.520408	T	0.535714
8	1040	48	0.0408163	0.0625	0.10998	0.118164	0.000110159	0.00185127	0	0	0	0	0	A	0.346939	C	0.34375
8	1041	49	0.137755	0.0982143	0.276161	0.20735	0.00492325	0.00296912	0	0	0	0	0	C	0.52551	G	0.544643
8	1042	50	0.0561224	0.0401786	0.103316	0.0842036	0.000873429	0.00198814	0	0	0	0	0	G	0.362245	G	0.357143
8	1043	51	0.5	0.5	1	1	-1	0	0	0	0	0	0	T	1	T	1
8	1044	52	0.5	0.5	1	1	-1	0	0	0	0	0	0	G	1	G	1
8	1045	53	0.5	0.5	1	1	-1	0	0	0	0	0	0	G	1	G	1
8	1046	54	0.5	0.5	1	1	-1	0	0	0	0	0	0	C	1	C	1
8	1047	55	0.0357143	0.0491071	0.0816327	0.0976563	0.000661904	0.000649214	0	0	0	0	0	G	0.362245	T	0.357143
8	1048	56	0.0612245	0.0580357	0.10998	0.100466	0.000138212	0.00205347	0	0	0	0	0	C	0.336735	T	0.34375
8	1049	57	0.102041	0.0491071	0.188073	0.103316	0.00840105	0.0046631	0	0	0	1	1	A	0.433673	C	0.392857
8	1050	58	0.117347	0.133929	0.230008	0.245556	0.000254365	0.00201871	0	0	0	0	0	T	0.520408	T	0.504464
8	1051	59	0.158163	0.160714	0.298027	0.282227	0.00021645	0.000366565	0	0	0	0	0	A	0.545918	A	0.53125
8	1052	60	0.5	0.5	1	1	-1	0	0	0	0	0	0	T	1	T	1
8	1053	61	0.102041	0.120536	0.220325	0.236787	0.000297083	0.000415153	0	0	0	0	0	T	0.530612	T	0.513393
8	1054	62	0.5	0.5	1	1	-1	0	0	0	0	0	0	A	1	A	1
8	1055	63	0.0510204	0.0758929	0.10998	0.124382	0.00544992	0.00532707	0	0	1	1	1	G	0.392857	C	0.352679
8	1056	64	0.5	0.5	1	1	-1	0	0	0	0	0	0	C	1	C	1
8	1057	65	0.5	0.5	1	1	-1	0	0	0	0	0	0	A	1	A	1
8	1058	66	0.5	0.5	1	1	-1	0	0	0	0	0	0	G	1	G	1
8	1059	67	0.0867347	0.0357143	0.166597	0.100466	0.00803265	0.00619349	1	1	1	1	1	T	0.408163	G	0.357143
8	1060	68	0.0510204	0.0625	0.106622	0.124382	0.00143109	0.0043331	0	0	0	0	1	G	0.341837	G	0.366071
8	1061	69	0.0969388	0.165179	0.215561	0.306441	0.00797448	0.00615351	1	1	1	1	1	A	0.535714	G	0.553571
8	1062	70	0.5	0.5	1	1	-1	0	0	0	0	0	0	T	1	T	1
8	1063	71	0.5	0.5	1	1	-1	0	0	0	0	0	0	T	1	T	1
8	1064	72	0.5	0.5	1	1	-1	0	0	0	0	0	0	C	1	C	1
8	1065	73	0.5	0.5	1	1	-1	0	0	0	0	0	0	G	1	G	1
8	1066	74	0.0612245	0.0848214	0.127551	0.168686	0.00179181	0.00175694	0	0	0	0	0	G	0.357143	G	0.410714
8	1067	75	0.142857	0.116071	0.292482	0.25	0.00166875	0.00170362	0	0	0	0	0	G	0.540816	G	0.5
8	1068	76	0.5	0.5	1	1	-1	0	0	0	0	0	0	T	1	T	1
8	1069	77	0.5	0.5	1	1	-1	0	0	0	0	0	0	C	1	C	1
8	1070	78	0.0408163	0.0267857	0.0731206	0.0976563	0.00186197	0.00186193	0	0	0	0	0	T	0.367347	C	0.375
9	100	9	0.5	0.5	1	1	-1	0	0	0	0	0	0	A	1	A	1
9	101	10	0.107143	0.147321	0.244924	0.282227	0.00132238	0.00146257	0	0	0	0	0	G	0.505102	A	0.53125
9	102	11	0.127551	0.107143	0.281549	0.241151	0.00156421	0.00239253	0	0	0	0	0	T	0.530612	A	0.508929
9	103	12	0.0204082	0.0491071	0.0625	0.0921556	0.00555802	0.00437311	0	0	0	1	1	G	0.433673	C	0.361607
9	104	13	0.5	0.5	1	1	-1	0	0	0	0	0	0	G	1	G	1
9	105	14	0.5	0.5	1	1	-1	0	0	0	0	0	0	T	1	T	1
9	106	15	0.117347	0.107143	0.281549	0.236787	0.00193702	0.00144384	0	0	0	0	0	A	0.530612	G	0.513393
9	107	16	0.0765306	0.116071	0.192524	0.20735	0.000278067	0.000602731	0	0	0	0	0	T	0.561224	T	0.544643
9	108	17	0.0867347	0.0758929	0.215561	0.223932	8.0032e-005	0.000296115	0	0	0	0	0	T	0.535714	T	0.526786
9	109	18	0.0408163	0.0625	0.103316	0.100466	0.000759397	0.000581743	0	0	0	0	0	G	0.341837	C	0.370536
9	1010	19	0.5	0.5	1	1	-1	0	0	0	0	0	0	G	1	G	1
9	1011	20	0.153061	0.120536	0.260308	0.219727	0.0017192	0.00144276	0	0	0	0	0	T	0.510204	C	0.53125
9	1012	21	0.0561224	0.0446429	0.0906133	0.0921556	0.000279096	0.00266028	0	0	0	0	0	T	0.377551	T	0.357143
9	1013	22	0.0153061	0.0580357	0.0759059	0.154337	0.00965613	0.00586515	0	1	1	1	1	A	0.372449	C	0.392857
9	1014	23	0.0663265	0.0401786	0.11339	0.0816327	0.00217217	0.00433752	0	0	0	0	1	C	0.336735	G	0.392857
9	1015	24	0.0408163	0.0803571	0.0875677	0.0894651	0.00498248	0.00358055	0	0	0	0	0	C	0.377551	A	0.40625
9	1016	25	0.0459184	0.0357143	0.103316	0.0842036	0.000553103	0.00396906	0	0	0	0	1	A	0.362245	A	0.379464
9	1017	26	0.0612245	0.0580357	0.106622	0.124382	0.011935	0.00675112	1	1	1	1	1	A	0.382653	T	0.401786
9	1018	27	0.0459184	0.0714286	0.11339	0.127551	0.000234696	0.00323529	0	0	0	0	0	C	0.336735	C	0.357143
9	1019	28	0.127551	0.151786	0.2399	0.28699	0.00210987	0.0027156	0	0	0	0	0	G	0.510204	T	0.535714
9	1020	29	0.112245	0.116071	0.197027	0.27282	0.00616048	0.00493184	0	0	1	1	1	A	0.556122	T	0.522321
9	1021	30	0.5	0.5	1	1	-1	0	0	0	0	0	0	A	1	A	1
9	1022	31	0.5	0.5	1	1	-1	0	0	0	0	0	0	G	1	G	1
9	1023	32	0.0459184	0.0491071	0.134944	0.106206	0.000974245	0.00141468	0	0	0	0	0	G	0.367347	T	0.370536
9	1024	33	0.0714286	0.0535714	0.146423	0.103316	0.00211182	0.00318679	0	0	0	0	0	C	0.382653	T	0.348214
9	1025	34	0.158163	0.133929	0.332388	0.236787	0.00811859	0.00624589	1	1	1	1	1	C	0.576531	A	0.513393
9	1026	35	0.5	0.5	1	1	-1	0	0	0	0	0	0	A	1	A	1
9	1027	36	0.0510204	0.0491071	0.11339	0.0921556	0.0017546	0.00188186	0	0	0	0	0	G	0.357143	A	0.361607
9	1028	37	0.5	0.5	1	1	-1	0	0	0	0	0	0	C	1	C	1
9	1029	38	0.0459184	0.0357143	0.120367	0.094886	0.000853376	0.00159033	0	0	0	0	0	C	0.346939	A	0.352679
9	1030	39	0.0918367	0.111607	0.21085	0.268176	0.00344439	0.00271015	0	0	0	0	0	G	0.540816	C	0.517857
9	1031	40	0.5	0.5	1	1	-1	0	0	0	0	0	0	A	1	A	1
9	1032	41	0.5	0.5	1	1	-1	0	0	0	0	0	0	C	1	C	1
9	1033	42	0.5	0.5	1	1	-1	0	0	0	0	0	0	T	1	T	1
9	1034	43	0.5	0.5	1	1	-1	0	0	0	0	0	0	T	1	T	1
9	1035	44	0.107143	0.0580357	0.188073	0.100466	0.00926985	0.00666839	1	1	1	1	1	G	0.433673	A	0.34375
9	1036	45	0.117347	0.125	0.215561	0.236787	0.000499451	0.00232623	0	0	0	0	0	G	0.535714	G	0.513393
9	1037	46	0.132653	0.142857	0.270825	0.27282	3.66728e-006	0.000301112	0	0	0	0	0	C	0.520408	C	0.522321
9	1038	47	0.5	0.5	1	1	-1	0	0	0	0	0	0	G	1	G	1
9	1039	48	0.5	0.5	1	1	-1	0	0	0	0	0	0	G	1	G	1
9	1040	49	0.117347	0.125	0.260308	0.215561	0.00210987	0.00187363	0	0	0	0	0	C	0.510204	A	0.535714
9	1041	50	0.112245	0.138393	0.25	0.28699	0.00127714	0.00151307	0	0	0	0	0	A	0.5	A	0.535714
9	1042	51	0.5	0.5	1	1	-1	0	0	0	0	0	0	A	1	A	1
9	1043	52	0.5	0.5	1	1	-1	0	0	0	0	0	0	C	1	C	1
9	1044	53	0.0561224	0.0357143	0.120367	0.0816327	0.00216201	0.0021618	0	0	0	0	0	G	0.346939	A	0.370536
9	1045	54	0.5	0.5	1	1	-1	0	0	0	0	0	0	C	1	C	1
9	1046	55	0.5	0.5	1	1	-1	0	0	0	0	0	0	C	1	C	1
9	1047	56	0.153061	0.0892857	0.281549	0.223932	0.00329457	0.00295966	0	0	0	0	0	C	0.530612	A	0.526786
9	1048	57	0.107143	0.120536	0.20619	0.25	0.00211295	0.00243118	0	0	0	0	0	G	0.545918	T	0.5
9	1049	58	0.5	0.5	1	1	-1	0	0	0	0	0	0	C	1	C	1
9	1050	59	0.0816327	0.0625	0.158372	0.121253	0.00148581	0.00180654	0	0	0	0	0	A	0.397959	A	0.348214
9	1051	60	0.0663265	0.0892857	0.120367	0.168686	0.00265598	0.00200304	0	0	0	0	0	G	0.357143	A	0.410714
9	1052	61	0.0612245	0.0580357	0.100062	0.0976563	0.00086852	0.00139357	0	0	0	0	0	A	0.357143	A	0.392857
9	1053	62	0.5	0.5	1	1	-1	0	0	0	0	0	0	A	1	A	1
9	1054	63	0.0918367	0.03125	0.134944	0.0921556	0.00236542	0.00229567	0	0	0	0	0	A	0.367347	T	0.388393
9	1055	64	0.5	0.5	1	1	-1	0	0	0	0	0	0	T	1	T	1
9	1056	65	0.102041	0.09375	0.234928	0.20735	0.000863748	0.000914084	0	0	0	0	0	G	0.515306	G	0.544643
9	1057	66	0.5	0.5	1	1	-1	0	0	0	0	0	0	T	1	T	1
9	1058	67	0.0663265	0.0357143	0.131221	0.121253	0.00152382	0.00203348	0	0	0	0	0	A	0.362245	T	0.361607
9	1059	68	0.132653	0.09375	0.276161	0.219727	0.00322183	0.00316005	0	0	0	0	0	G	0.52551	C	0.53125
9	1060	69	0.142857	0.169643	0.230008	0.301519	0.00483636	0.00334499	0	0	0	0	0	G	0.520408	T	0.549107
9	1061	70	0.107143	0.129464	0.230008	0.228177	3.66728e-006	0.00118004	0	0	0	0	0	G	0.520408	G	0.522321
9	1062	71	0.112245	0.116071	0.25	0.263572	0.000179401	0.001105	0	0	0	0	0	T	0.5	T	0.513393
9	1063	72	0.132653	0.125	0.276161	0.211436	0.00431594	0.0030566	0	0	0	0	0	T	0.52551	A	0.540179
9	1064	73	0.5	0.5	1	1	-1	0	0	0	0	0	0	A	1	A	1
9	1065	74	0.102041	0.133929	0.234928	0.268176	0.00109981	0.00125643	0	0	0	0	0	A	0.515306	G	0.517857
9	1066	75	0.137755	0.116071	0.270825	0.232462	0.00146424	0.00134245	0	0	0	0	0	G	0.520408	T	0.517857
9	1067	76	0.5	0.5	1	1	-1	0	0	0	0	0	0	A	1	A	1
9	1068	77	0.127551	0.133929	0.270825	0.254484	0.000254365	0.00028075	0	0	0	0	0	T	0.520408	T	0.504464
9	1069	78	0.5	0.5	1	1	-1	0	0	0	0	0	0	C	1	C	1
9	1070	79	0.0561224	0.0580357	0.100062	0.0976563	0.000169748	0.00092372	0	0	0	0	0	G	0.352041	C	0.348214
9	1071	80	0.0357143	0.0491071	0.103316	0.143993	0.00287233	0.00210633	0	0	0	0	0	A	0.341837	G	0.379464
