Chrom	Locus	Dist	ObsHetPop1	ObsHetPop2	ExpHetPop1	ExpHetPop2	Fst	WeightedFst	Sig99	Sig98	Sig95	Sig90	Sig80	MajAllele1	MajAllFreq1	MajAllele2	MajAllFreq2
0	100	0	0.5	0.5	1	1	-1	0	0	0	0	0	0	A	1	A	1
0	101	1	0.5	0.5	1	1	-1	0	0	0	0	0	0	C	1	C	1
0	102	2	0.0555556	0.0580357	0.09	0.109136	0.000730163	0.000962925	0	0	0	0	0	A	0.355556	A	0.357143
0	103	3	0.127778	0.125	0.272716	0.232462	0.00160639	0.00108422	0	0	0	0	0	A	0.522222	T	0.517857
0	104	4	0.111111	0.138393	0.228272	0.236787	7.80567e-005	0.000777532	0	0	0	0	0	A	0.522222	A	0.513393
0	105	5	0.116667	0.116071	0.233611	0.195332	0.001721	0.00126147	0	0	0	0	0	T	0.516667	T	0.558036
0	106	6	0.5	0.5	1	1	-1	0	0	0	0	0	0	G	1	G	1
0	107	7	0.5	0.5	1	1	-1	0	0	0	0	0	0	T	1	T	1
0	108	8	0.0722222	0.0669643	0.103827	0.13076	0.00277448	0.00196559	0	0	0	0	0	T	0.344444	T	0.375
0	109	9	0.116667	0.107143	0.244475	0.241151	1.13796e-005	0.000724803	0	0	0	0	0	G	0.505556	G	0.508929
0	1010	10	0.0611111	0.0625	0.111111	0.106206	0.000479811	0.000388852	0	0	0	0	0	C	0.355556	T	0.339286
0	1011	11	0.5	0.5	1	1	-1	0	0	0	0	0	0	C	1	C	1
0	1012	12	0.5	0.5	1	1	-1	0	0	0	0	0	0	G	1	G	1
0	1013	13	0.5	0.5	1	1	-1	0	0	0	0	0	0	C	1	C	1
0	1014	14	0.122222	0.125	0.2025	0.236787	0.00134549	0.00136672	0	0	0	0	0	A	0.55	A	0.513393
0	1015	15	0.5	0.5	1	1	-1	0	0	0	0	0	0	C	1	C	1
0	1016	16	0.0444444	0.0491071	0.09	0.0894651	0.00223592	0.00217378	0	0	0	0	0	G	0.388889	T	0.366071
0	1017	17	0.5	0.5	1	1	-1	0	0	0	0	0	0	T	1	T	1
0	1018	18	0.138889	0.133929	0.278549	0.301519	0.000457647	0.00169011	0	0	0	0	0	A	0.527778	A	0.549107
0	1019	19	0.1	0.0401786	0.155586	0.103316	0.00477405	0.00352583	0	0	0	0	0	A	0.394444	G	0.379464
0	1020	20	0.5	0.5	1	1	-1	0	0	0	0	0	0	G	1	G	1
0	1021	21	0.0722222	0.0580357	0.146944	0.106206	0.00209253	0.00215607	0	0	0	0	0	G	0.383333	T	0.379464
0	1022	22	0.5	0.5	1	1	-1	0	0	0	0	0	0	C	1	C	1
0	1023	23	0.5	0.5	1	1	-1	0	0	0	0	0	0	C	1	C	1
0	1024	24	0.5	0.5	1	1	-1	0	0	0	0	0	0	C	1	C	1
0	1025	25	0.5	0.5	1	1	-1	0	0	0	0	0	0	A	1	A	1
0	1026	26	0.5	0.5	1	1	-1	0	0	0	0	0	0	T	1	T	1
0	1027	27	0.0944444	0.0357143	0.187778	0.0976563	0.0100498	0.00986015	1	1	1	1	1	C	0.433333	T	0.370536
0	1028	28	0.5	0.5	1	1	-1	0	0	0	0	0	0	C	1	C	1
0	1029	29	0.15	0.120536	0.255586	0.211436	0.00209412	0.00185798	0	0	0	0	0	G	0.505556	T	0.540179
0	1030	30	0.144444	0.138393	0.261235	0.291793	0.000847146	0.00101588	0	0	0	0	0	T	0.511111	T	0.540179
0	1031	31	0.1	0.142857	0.244475	0.263572	0.000359064	0.000533492	0	0	0	0	0	T	0.505556	G	0.513393
0	1032	32	0.5	0.5	1	1	-1	0	0	0	0	0	0	T	1	T	1
0	1033	33	0.144444	0.120536	0.3025	0.268176	0.00103794	0.00205908	0	0	0	0	0	T	0.55	T	0.517857
0	1034	34	0.0666667	0.0714286	0.111111	0.172373	0.00456726	0.00382828	0	0	0	0	0	G	0.35	C	0.415179
0	1035	35	0.0833333	0.0758929	0.155586	0.112105	0.00498293	0.0037714	0	0	0	0	0	G	0.394444	C	0.370536
0	1036	36	0.133333	0.138393	0.25	0.259008	7.97257e-005	0.00149998	0	0	0	0	0	T	0.5	T	0.508929
0	1037	37	0.5	0.5	1	1	-1	0	0	0	0	0	0	G	1	G	1
0	1038	38	0.133333	0.120536	0.233611	0.219727	0.000213163	0.000205621	0	0	0	0	0	G	0.516667	G	0.53125
0	1039	39	0.0388889	0.0580357	0.111111	0.103316	0.000191472	0.000288102	0	0	0	0	0	G	0.35	G	0.34375
0	1040	40	0.5	0.5	1	1	-1	0	0	0	0	0	0	A	1	A	1
0	1041	41	0.0555556	0.0491071	0.114846	0.0921556	0.00545972	0.00533295	0	0	1	1	1	C	0.405556	A	0.352679
0	1042	42	0.5	0.5	1	1	-1	0	0	0	0	0	0	C	1	C	1
0	1043	43	0.5	0.5	1	1	-1	0	0	0	0	0	0	T	1	T	1
0	1044	44	0.1	0.142857	0.2025	0.282227	0.00660388	0.00660361	1	1	1	1	1	A	0.55	G	0.53125
0	1045	45	0.5	0.5	1	1	-1	0	0	0	0	0	0	G	1	G	1
0	1046	46	0.5	0.5	1	1	-1	0	0	0	0	0	0	G	1	G	1
0	1047	47	0.0555556	0.0223214	0.1225	0.0894651	0.00146039	0.00125649	0	0	0	0	0	T	0.35	A	0.366071
0	1048	48	0.133333	0.174107	0.278549	0.306441	0.000669745	0.00121598	0	0	0	0	0	C	0.527778	C	0.553571
0	1049	49	0.0555556	0.0401786	0.118642	0.0816327	0.00235334	0.00186919	0	0	0	0	0	C	0.344444	T	0.375
0	1050	50	0.5	0.5	1	1	-1	0	0	0	0	0	0	A	1	A	1
0	1051	51	0.5	0.5	1	1	-1	0	0	0	0	0	0	A	1	A	1
0	1052	52	0.116667	0.125	0.233611	0.236787	1.07275e-005	0.000738852	0	0	0	0	0	C	0.516667	C	0.513393
0	1053	53	0.0555556	0.0580357	0.09	0.121253	0.00257976	0.00187349	0	0	0	0	0	C	0.377778	G	0.348214
0	1054	54	0.5	0.5	1	1	-1	0	0	0	0	0	0	G	1	G	1
0	1055	55	0.0833333	0.102679	0.178272	0.228177	0.00310653	0.0022189	0	0	0	0	0	T	0.577778	T	0.522321
0	1056	56	0.0611111	0.0357143	0.107438	0.109136	8.82732e-005	0.000756349	0	0	0	0	0	T	0.338889	T	0.348214
0	1057	57	0.111111	0.133929	0.207531	0.203304	2.19327e-005	0.000498401	0	0	0	0	0	A	0.544444	A	0.549107
0	1058	58	0.0666667	0.0535714	0.155586	0.115115	0.00193979	0.00127188	0	0	0	0	0	G	0.394444	G	0.339286
0	1059	59	0.0611111	0.0401786	0.111111	0.0921556	0.000707079	0.00178444	0	0	0	0	0	A	0.35	A	0.348214
0	1060	60	0.1	0.129464	0.187778	0.25	0.00446429	0.00340584	0	0	0	0	0	A	0.566667	C	0.5
0	1061	61	0.5	0.5	1	1	-1	0	0	0	0	0	0	T	1	T	1
0	1062	62	0.0777778	0.0491071	0.16	0.0921556	0.00524944	0.00433065	0	0	0	0	1	G	0.4	A	0.352679
0	1063	63	0.0722222	0.0625	0.138549	0.143993	0.00213943	0.00281305	0	0	0	0	0	T	0.372222	T	0.379464
0	1064	64	0.166667	0.116071	0.3025	0.254484	0.00207967	0.00214095	0	0	0	0	0	G	0.55	G	0.504464
0	1065	65	0.5	0.5	1	1	-1	0	0	0	0	0	0	G	1	G	1
0	1066	66	0.05	0.0625	0.0802778	0.112105	0.00156633	0.0019325	0	0	0	0	0	A	0.405556	A	0.370536
0	1067	67	0.138889	0.107143	0.29642	0.241151	0.00285228	0.00232867	0	0	0	0	0	A	0.544444	C	0.508929
0	1068	68	0.138889	0.111607	0.266944	0.223932	0.0018883	0.00175999	0	0	0	0	0	T	0.516667	G	0.526786
0	1069	69	0.144444	0.138393	0.255586	0.236787	0.000359064	0.0010168	0	0	0	0	0	G	0.505556	A	0.513393
0	1070	70	0.0944444	0.116071	0.222994	0.263572	0.00169537	0.00132095	0	0	0	0	0	G	0.527778	A	0.513393
0	1071	71	0.5	0.5	1	1	-1	0	0	0	0	0	0	G	1	G	1
0	1072	72	0.138889	0.116071	0.25	0.219727	0.000977517	0.00102654	0	0	0	0	0	C	0.5	A	0.53125
0	1073	73	0.5	0.5	1	1	-1	0	0	0	0	0	0	G	1	G	1
0	1074	74	0.0666667	0.0580357	0.130401	0.13076	0.00237136	0.00290382	0	0	0	0	0	C	0.377778	A	0.361607
0	1075	75	0.0833333	0.133929	0.207531	0.27282	0.00445986	0.00333154	0	0	0	0	0	A	0.544444	T	0.522321
0	1076	76	0.0722222	0.0714286	0.12642	0.106206	0.00144483	0.00250394	0	0	0	0	0	C	0.355556	A	0.339286
0	1077	77	0.0611111	0.0491071	0.114846	0.100466	0.00323535	0.00275779	0	0	0	0	0	A	0.377778	G	0.357143
0	1078	78	0.5	0.5	1	1	-1	0	0	0	0	0	0	C	1	C	1
1	100	1	0.5	0.5	1	1	-1	0	0	0	0	0	0	A	1	A	1
1	101	2	0.0777778	0.133929	0.207531	0.296636	0.00793655	0.00617692	0	1	1	1	1	C	0.544444	A	0.544643
1	102	3	0.0666667	0.0669643	0.138549	0.121253	0.00209427	0.00293143	0	0	0	0	0	C	0.372222	T	0.366071
1	103	4	0.0333333	0.0580357	0.0933642	0.103316	0.000212159	0.000726188	0	0	0	0	0	A	0.377778	A	0.379464
1	104	5	0.0944444	0.133929	0.244475	0.259008	0.000209792	0.000512472	0	0	0	0	0	T	0.505556	G	0.508929
1	105	6	0.133333	0.125	0.255586	0.228177	0.000777345	0.00305243	0	0	0	0	0	C	0.505556	T	0.522321
1	106	7	0.133333	0.169643	0.244475	0.363221	0.0118262	0.00840461	1	1	1	1	1	A	0.505556	G	0.602679
1	107	8	0.5	0.5	1	1	-1	0	0	0	0	0	0	G	1	G	1
1	108	9	0.0555556	0.0625	0.12642	0.121253	3.88847e-005	0.000460361	0	0	0	0	0	A	0.355556	A	0.348214
1	109	10	0.0611111	0.0401786	0.0933642	0.0717474	0.000803786	0.000633424	0	0	0	0	0	T	0.355556	T	0.375
1	1010	11	0.0555556	0.0491071	0.09	0.100466	0.000790338	0.000777146	0	0	0	0	0	A	0.372222	T	0.348214
1	1011	12	0.5	0.5	1	1	-1	0	0	0	0	0	0	T	1	T	1
1	1012	13	0.111111	0.142857	0.222994	0.245556	0.000544085	0.000455297	0	0	0	0	0	C	0.527778	C	0.504464
1	1013	14	0.138889	0.0982143	0.255586	0.241151	0.000209792	0.000307853	0	0	0	0	0	A	0.505556	G	0.508929
1	1014	15	0.5	0.5	1	1	-1	0	0	0	0	0	0	T	1	T	1
1	1015	16	0.05	0.0580357	0.107438	0.124382	0.000494568	0.000487792	0	0	0	0	0	T	0.338889	G	0.352679
1	1016	17	0.5	0.5	1	1	-1	0	0	0	0	0	0	C	1	C	1
1	1017	18	0.5	0.5	1	1	-1	0	0	0	0	0	0	T	1	T	1
1	1018	19	0.5	0.5	1	1	-1	0	0	0	0	0	0	G	1	G	1
1	1019	20	0.5	0.5	1	1	-1	0	0	0	0	0	0	T	1	T	1
1	1020	21	0.0666667	0.0401786	0.12642	0.0894651	0.00247266	0.00227025	0	0	0	0	0	C	0.372222	C	0.370536
1	1021	22	0.0444444	0.0714286	0.103827	0.134008	0.00175824	0.00196065	0	0	0	0	0	A	0.377778	T	0.366071
1	1022	23	0.5	0.5	1	1	-1	0	0	0	0	0	0	A	1	A	1
1	1023	24	0.5	0.5	1	1	-1	0	0	0	0	0	0	A	1	A	1
1	1024	25	0.0555556	0.0848214	0.151235	0.168686	0.00234977	0.00229762	0	0	0	0	0	C	0.388889	C	0.410714
1	1025	26	0.5	0.5	1	1	-1	0	0	0	0	0	0	T	1	T	1
1	1026	27	0.0555556	0.0535714	0.1225	0.118164	0.000167762	0.000260864	0	0	0	0	0	C	0.35	C	0.34375
1	1027	28	0.5	0.5	1	1	-1	0	0	0	0	0	0	G	1	G	1
1	1028	29	0.111111	0.133929	0.228272	0.27282	0.00198414	0.00146072	0	0	0	0	0	T	0.522222	G	0.522321
1	1029	30	0.0611111	0.0401786	0.1225	0.124382	0.000292664	0.000655369	0	0	0	0	0	G	0.35	C	0.357143
1	1030	31	0.0555556	0.0535714	0.103827	0.0921556	0.000229059	0.000473268	0	0	0	0	0	G	0.35	G	0.352679
1	1031	32	0.127778	0.111607	0.266944	0.236787	0.000903585	0.00162322	0	0	0	0	0	C	0.516667	G	0.513393
1	1032	33	0.155556	0.129464	0.290401	0.219727	0.00491975	0.00372788	0	0	0	0	0	A	0.538889	T	0.53125
1	1033	34	0.5	0.5	1	1	-1	0	0	0	0	0	0	C	1	C	1
1	1034	35	0.0444444	0.0803571	0.0967901	0.154337	0.00417371	0.00419074	0	0	0	0	1	G	0.35	T	0.392857
1	1035	36	0.5	0.5	1	1	-1	0	0	0	0	0	0	A	1	A	1
1	1036	37	0.5	0.5	1	1	-1	0	0	0	0	0	0	T	1	T	1
1	1037	38	0.5	0.5	1	1	-1	0	0	0	0	0	0	C	1	C	1
1	1038	39	0.0555556	0.0580357	0.1225	0.118164	0.000219563	0.000593409	0	0	0	0	0	C	0.35	A	0.352679
1	1039	40	0.0833333	0.0401786	0.142716	0.106206	0.00153909	0.00116525	0	0	0	0	0	A	0.377778	T	0.348214
1	1040	41	0.5	0.5	1	1	-1	0	0	0	0	0	0	C	1	C	1
1	1041	42	0.5	0.5	1	1	-1	0	0	0	0	0	0	G	1	G	1
1	1042	43	0.5	0.5	1	1	-1	0	0	0	0	0	0	T	1	T	1
1	1043	44	0.5	0.5	1	1	-1	0	0	0	0	0	0	C	1	C	1
1	1044	45	0.122222	0.138393	0.239012	0.268176	0.000839198	0.000778454	0	0	0	0	0	G	0.511111	C	0.517857
1	1045	46	0.133333	0.120536	0.278549	0.254484	0.000544085	0.000949405	0	0	0	0	0	A	0.527778	A	0.504464
1	1046	47	0.1	0.125	0.182994	0.223932	0.00208491	0.00161754	0	0	0	0	0	A	0.572222	A	0.526786
1	1047	48	0.5	0.5	1	1	-1	0	0	0	0	0	0	C	1	C	1
1	1048	49	0.05	0.0491071	0.118642	0.134008	0.000634388	0.00307441	0	0	0	0	0	A	0.35	G	0.366071
1	1049	50	0.144444	0.0758929	0.272716	0.183673	0.00879176	0.0075124	1	1	1	1	1	C	0.522222	A	0.571429
1	1050	51	0.1	0.133929	0.169012	0.268176	0.0114525	0.00871631	1	1	1	1	1	A	0.588889	T	0.517857
1	1051	52	0.138889	0.133929	0.290401	0.236787	0.00273516	0.00414361	0	0	0	0	1	G	0.538889	C	0.513393
1	1052	53	0.116667	0.116071	0.222994	0.241151	0.000355772	0.00097973	0	0	0	0	0	G	0.527778	G	0.508929
1	1053	54	0.172222	0.120536	0.3025	0.28699	0.000205592	0.000249982	0	0	0	0	0	T	0.55	T	0.535714
1	1054	55	0.0833333	0.0848214	0.182994	0.191406	9.62689e-005	0.000131606	0	0	0	0	0	G	0.572222	G	0.5625
1	1055	56	0.5	0.5	1	1	-1	0	0	0	0	0	0	T	1	T	1
1	1056	57	0.5	0.5	1	1	-1	0	0	0	0	0	0	T	1	T	1
1	1057	58	0.5	0.5	1	1	-1	0	0	0	0	0	0	A	1	A	1
1	1058	59	0.5	0.5	1	1	-1	0	0	0	0	0	0	T	1	T	1
1	1059	60	0.0555556	0.0803571	0.142716	0.154337	0.0020227	0.001965	0	0	0	0	0	T	0.377778	T	0.392857
1	1060	61	0.0277778	0.0535714	0.0771605	0.100466	0.00181906	0.0018589	0	0	0	0	0	T	0.394444	C	0.34375
1	1061	62	0.5	0.5	1	1	-1	0	0	0	0	0	0	C	1	C	1
1	1062	63	0.133333	0.125	0.239012	0.268176	0.000839198	0.00131217	0	0	0	0	0	C	0.511111	A	0.517857
1	1063	64	0.0388889	0.0535714	0.09	0.127551	0.0021133	0.00291532	0	0	0	0	0	A	0.366667	C	0.357143
1	1064	65	0.0666667	0.0580357	0.164475	0.118164	0.0071973	0.00439619	0	0	0	0	1	G	0.405556	C	0.357143
1	1065	66	0.138889	0.125	0.266944	0.259008	5.99174e-005	0.00171636	0	0	0	0	0	G	0.516667	G	0.508929
1	1066	67	0.116667	0.142857	0.261235	0.241151	0.000401591	0.000469878	0	0	0	0	0	G	0.511111	A	0.508929
1	1067	68	0.5	0.5	1	1	-1	0	0	0	0	0	0	T	1	T	1
1	1068	69	0.0444444	0.0580357	0.0834568	0.13076	0.00315862	0.00303679	0	0	0	0	0	A	0.355556	G	0.361607
1	1069	70	0.5	0.5	1	1	-1	0	0	0	0	0	0	G	1	G	1
1	1070	71	0.122222	0.120536	0.228272	0.254484	0.000712394	0.000698292	0	0	0	0	0	C	0.522222	G	0.504464
1	1071	72	0.1	0.107143	0.212623	0.199298	0.000217436	0.00151706	0	0	0	0	0	A	0.538889	A	0.553571
1	1072	73	0.05	0.0625	0.100278	0.121253	0.00544403	0.00391739	0	0	0	0	0	C	0.4	T	0.348214
1	1073	74	0.05	0.0669643	0.0834568	0.140625	0.00417586	0.00355841	0	0	0	0	0	G	0.366667	T	0.375
1	1074	75	0.105556	0.138393	0.25	0.268176	0.000318979	0.00148085	0	0	0	0	0	C	0.5	C	0.517857
2	100	2	0.138889	0.138393	0.272716	0.259008	0.000176893	0.000269348	0	0	0	0	0	T	0.522222	T	0.508929
2	101	3	0.5	0.5	1	1	-1	0	0	0	0	0	0	G	1	G	1
2	102	4	0.122222	0.09375	0.255586	0.195332	0.00405502	0.00396231	0	0	0	0	0	A	0.505556	T	0.558036
2	103	5	0.5	0.5	1	1	-1	0	0	0	0	0	0	C	1	C	1
2	104	6	0.0444444	0.0625	0.111111	0.157864	0.00395155	0.00472994	0	0	0	1	1	T	0.377778	G	0.397321
2	105	7	0.05	0.0625	0.0967901	0.124382	0.00693362	0.00506891	0	0	0	1	1	A	0.377778	T	0.379464
2	106	8	0.138889	0.129464	0.272716	0.232462	0.00160639	0.00303038	0	0	0	0	0	A	0.522222	T	0.517857
2	107	9	0.15	0.0714286	0.272716	0.219727	0.00285951	0.00212019	0	0	0	0	0	A	0.522222	G	0.53125
2	108	10	0.111111	0.107143	0.233611	0.232462	1.41892e-006	0.00274606	0	0	0	0	0	G	0.516667	G	0.517857
2	109	11	0.194444	0.111607	0.34679	0.241151	0.00962983	0.00598966	0	0	1	1	1	G	0.588889	T	0.508929
2	1010	12	0.0666667	0.0491071	0.138549	0.100466	0.0029657	0.00469106	0	0	0	0	1	A	0.383333	A	0.370536
2	1011	13	0.5	0.5	1	1	-1	0	0	0	0	0	0	T	1	T	1
2	1012	14	0.1	0.129464	0.233611	0.223932	0.000102589	0.000177353	0	0	0	0	0	G	0.516667	G	0.526786
2	1013	15	0.5	0.5	1	1	-1	0	0	0	0	0	0	G	1	G	1
2	1014	16	0.138889	0.120536	0.255586	0.236787	0.000359064	0.000553572	0	0	0	0	0	G	0.505556	T	0.513393
2	1015	17	0.05	0.0491071	0.107438	0.103316	0.00107346	0.000867417	0	0	0	0	0	G	0.338889	G	0.379464
2	1016	18	0.5	0.5	1	1	-1	0	0	0	0	0	0	G	1	G	1
2	1017	19	0.05	0.0535714	0.107438	0.124382	0.000666692	0.000707902	0	0	0	0	0	T	0.35	C	0.352679
2	1018	20	0.5	0.5	1	1	-1	0	0	0	0	0	0	T	1	T	1
2	1019	21	0.0388889	0.0714286	0.0741049	0.0976563	0.00203311	0.00200053	0	0	0	0	0	G	0.366667	A	0.379464
2	1020	22	0.5	0.5	1	1	-1	0	0	0	0	0	0	G	1	G	1
2	1021	23	0.5	0.5	1	1	-1	0	0	0	0	0	0	A	1	A	1
2	1022	24	0.127778	0.133929	0.233611	0.25	0.000277855	0.000314961	0	0	0	0	0	G	0.516667	C	0.5
2	1023	25	0.0666667	0.03125	0.111111	0.109136	0.000302129	0.000668938	0	0	0	0	0	G	0.388889	G	0.370536
2	1024	26	0.0611111	0.0625	0.107438	0.13076	0.00202542	0.00119889	0	0	0	0	0	C	0.35	A	0.361607
2	1025	27	0.0555556	0.0669643	0.118642	0.124382	6.17465e-005	0.000612598	0	0	0	0	0	C	0.344444	C	0.352679
2	1026	28	0.5	0.5	1	1	-1	0	0	0	0	0	0	A	1	A	1
2	1027	29	0.5	0.5	1	1	-1	0	0	0	0	0	0	G	1	G	1
2	1028	30	0.15	0.142857	0.290401	0.282227	5.86411e-005	0.000169094	0	0	0	0	0	C	0.538889	C	0.53125
2	1029	31	0.05	0.0223214	0.107438	0.100466	0.000416265	0.000398354	0	0	0	0	0	A	0.377778	A	0.361607
2	1030	32	0.0444444	0.0491071	0.0933642	0.0766103	0.000691831	0.000562652	0	0	0	0	0	A	0.355556	C	0.370536
2	1031	33	0.0555556	0.0580357	0.130401	0.121253	0.000413403	0.000524983	0	0	0	0	0	C	0.361111	C	0.348214
2	1032	34	0.5	0.5	1	1	-1	0	0	0	0	0	0	G	1	G	1
2	1033	35	0.155556	0.129464	0.3025	0.25	0.00250627	0.00283717	0	0	0	0	0	C	0.55	C	0.5
2	1034	36	0.0666667	0.0357143	0.118642	0.0816327	0.00382523	0.00345103	0	0	0	0	0	G	0.377778	T	0.357143
2	1035	37	0.5	0.5	1	1	-1	0	0	0	0	0	0	C	1	C	1
2	1036	38	0.5	0.5	1	1	-1	0	0	0	0	0	0	C	1	C	1
2	1037	39	0.0833333	0.116071	0.212623	0.268176	0.00322154	0.0032378	0	0	0	0	0	G	0.538889	A	0.517857
2	1038	40	0.5	0.5	1	1	-1	0	0	0	0	0	0	T	1	T	1
2	1039	41	0.05	0.0491071	0.111111	0.103316	0.00389805	0.00282098	0	0	0	0	0	A	0.355556	T	0.388393
2	1040	42	0.0333333	0.0357143	0.0967901	0.100466	9.39424e-005	0.00144728	0	0	0	0	0	C	0.361111	C	0.348214
2	1041	43	0.0555556	0.0758929	0.107438	0.150849	0.00246027	0.00162361	0	0	0	0	0	C	0.361111	T	0.388393
2	1042	44	0.122222	0.147321	0.244475	0.27282	0.000777345	0.00175114	0	0	0	0	0	C	0.505556	T	0.522321
2	1043	45	0.0555556	0.0401786	0.107438	0.067044	0.00354971	0.00273904	0	0	0	0	0	G	0.338889	T	0.401786
2	1044	46	0.0666667	0.0669643	0.0967901	0.143993	0.00266884	0.00291718	0	0	0	0	0	T	0.366667	C	0.379464
2	1045	47	0.5	0.5	1	1	-1	0	0	0	0	0	0	C	1	C	1
2	1046	48	0.0666667	0.0401786	0.09	0.100466	0.00499137	0.00370038	0	0	0	0	0	C	0.427778	A	0.34375
2	1047	49	0.138889	0.116071	0.25	0.228177	0.000498495	0.00197424	0	0	0	0	0	T	0.5	C	0.522321
2	1048	50	0.5	0.5	1	1	-1	0	0	0	0	0	0	A	1	A	1
2	1049	51	0.0833333	0.0491071	0.151235	0.0791016	0.013556	0.0129984	1	1	1	1	1	T	0.388889	G	0.40625
2	1050	52	0.5	0.5	1	1	-1	0	0	0	0	0	0	G	1	G	1
2	1051	53	0.0611111	0.0267857	0.0967901	0.074159	0.00274381	0.00296696	0	0	0	0	0	C	0.361111	A	0.397321
2	1052	54	0.5	0.5	1	1	-1	0	0	0	0	0	0	T	1	T	1
2	1053	55	0.172222	0.125	0.314846	0.27282	0.00151519	0.0015245	0	0	0	0	0	G	0.561111	G	0.522321
2	1054	56	0.5	0.5	1	1	-1	0	0	0	0	0	0	G	1	G	1
2	1055	57	0.0722222	0.0758929	0.134444	0.112105	0.000686399	0.000706157	0	0	0	0	0	G	0.366667	C	0.361607
2	1056	58	0.5	0.5	1	1	-1	0	0	0	0	0	0	T	1	T	1
2	1057	59	0.5	0.5	1	1	-1	0	0	0	0	0	0	C	1	C	1
2	1058	60	0.122222	0.116071	0.266944	0.25	0.000277855	0.000348218	0	0	0	0	0	A	0.516667	A	0.5
2	1059	61	0.0555556	0.0401786	0.0834568	0.0921556	0.000256618	0.00128451	0	0	0	0	0	G	0.355556	G	0.361607
2	1060	62	0.0666667	0.0446429	0.138549	0.0842036	0.00470878	0.0035773	0	0	0	0	0	A	0.372222	C	0.370536
2	1061	63	0.0833333	0.0357143	0.155586	0.094886	0.00423962	0.00425686	0	0	0	0	1	T	0.394444	G	0.370536
2	1062	64	0.5	0.5	1	1	-1	0	0	0	0	0	0	T	1	T	1
2	1063	65	0.0444444	0.0625	0.0866975	0.118164	0.00168611	0.00170792	0	0	0	0	0	C	0.366667	G	0.34375
2	1064	66	0.05	0.0535714	0.100278	0.103316	0.00161648	0.0015903	0	0	0	0	0	T	0.361111	A	0.366071
2	1065	67	0.122222	0.111607	0.266944	0.228177	0.00152012	0.00122926	0	0	0	0	0	T	0.516667	G	0.522321
2	1066	68	0.138889	0.138393	0.272716	0.263572	7.80567e-005	0.000506251	0	0	0	0	0	C	0.522222	C	0.513393
2	1067	69	0.5	0.5	1	1	-1	0	0	0	0	0	0	G	1	G	1
3	100	3	0.5	0.5	1	1	-1	0	0	0	0	0	0	A	1	A	1
3	101	4	0.5	0.5	1	1	-1	0	0	0	0	0	0	T	1	T	1
3	102	5	0.144444	0.111607	0.284444	0.25	0.00111235	0.00265803	0	0	0	0	0	T	0.533333	T	0.5
3	103	6	0.0777778	0.03125	0.12642	0.074159	0.00671739	0.00400231	0	0	0	0	1	C	0.355556	A	0.397321
3	104	7	0.0777778	0.107143	0.217778	0.232462	0.000240142	0.00172071	0	0	0	0	0	C	0.533333	C	0.517857
3	105	8	0.0555556	0.0491071	0.111111	0.0921556	0.000506881	0.000542379	0	0	0	0	0	C	0.35	C	0.361607
3	106	9	0.5	0.5	1	1	-1	0	0	0	0	0	0	G	1	G	1
3	107	10	0.0388889	0.0580357	0.107438	0.121253	0.000707644	0.000552724	0	0	0	0	0	A	0.338889	T	0.348214
3	108	11	0.138889	0.102679	0.25	0.241151	7.97257e-005	0.000623403	0	0	0	0	0	C	0.5	A	0.508929
3	109	12	0.0666667	0.03125	0.107438	0.121253	0.00191452	0.00136442	0	0	0	0	0	G	0.361111	T	0.348214
3	1010	13	0.5	0.5	1	1	-1	0	0	0	0	0	0	A	1	A	1
3	1011	14	0.0777778	0.0758929	0.134444	0.124382	0.000291488	0.000336335	0	0	0	0	0	C	0.366667	C	0.352679
3	1012	15	0.0388889	0.0535714	0.100278	0.112105	0.000352596	0.000356205	0	0	0	0	0	G	0.394444	G	0.370536
3	1013	16	0.0555556	0.0803571	0.118642	0.127551	0.000333729	0.000690804	0	0	0	0	0	T	0.35	T	0.361607
3	1014	17	0.0611111	0.0535714	0.111111	0.112105	0.00190026	0.00145908	0	0	0	0	0	T	0.338889	T	0.388393
3	1015	18	0.0444444	0.0848214	0.103827	0.0921556	0.00160823	0.00137254	0	0	0	0	0	C	0.377778	T	0.352679
3	1016	19	0.138889	0.151786	0.29642	0.277503	0.000313421	0.000750447	0	0	0	0	0	G	0.544444	G	0.526786
3	1017	20	0.5	0.5	1	1	-1	0	0	0	0	0	0	T	1	T	1
3	1018	21	0.1	0.15625	0.217778	0.277503	0.00361445	0.00345404	0	0	0	0	0	G	0.533333	C	0.526786
3	1019	22	0.5	0.5	1	1	-1	0	0	0	0	0	0	C	1	C	1
3	1020	23	0.105556	0.133929	0.239012	0.245556	4.4191e-005	0.000262164	0	0	0	0	0	G	0.511111	G	0.504464
3	1021	24	0.5	0.5	1	1	-1	0	0	0	0	0	0	G	1	G	1
3	1022	25	0.0666667	0.0803571	0.0967901	0.150849	0.005835	0.00556864	0	0	1	1	1	A	0.361111	T	0.388393
3	1023	26	0.5	0.5	1	1	-1	0	0	0	0	0	0	T	1	T	1
3	1024	27	0.166667	0.160714	0.29642	0.311404	0.000186683	0.000648705	0	0	0	0	0	C	0.544444	C	0.558036
3	1025	28	0.155556	0.120536	0.290401	0.25	0.00151464	0.000968038	0	0	0	0	0	A	0.538889	A	0.5
3	1026	29	0.116667	0.107143	0.233611	0.215561	0.00036381	0.000701617	0	0	0	0	0	A	0.516667	A	0.535714
3	1027	30	0.5	0.5	1	1	-1	0	0	0	0	0	0	C	1	C	1
3	1028	31	0.127778	0.107143	0.266944	0.223932	0.0018883	0.00186205	0	0	0	0	0	C	0.516667	A	0.526786
3	1029	32	0.5	0.5	1	1	-1	0	0	0	0	0	0	G	1	G	1
3	1030	33	0.15	0.125	0.290401	0.241151	0.00228856	0.00195614	0	0	0	0	0	T	0.538889	A	0.508929
3	1031	34	0.05	0.0669643	0.107438	0.121253	0.00122636	0.00122665	0	0	0	0	0	G	0.344444	G	0.370536
3	1032	35	0.05	0.0491071	0.111111	0.100466	0.0002254	0.000475293	0	0	0	0	0	G	0.35	G	0.348214
3	1033	36	0.122222	0.09375	0.217778	0.203304	0.000250516	0.000292781	0	0	0	0	0	A	0.533333	A	0.549107
3	1034	37	0.0277778	0.0401786	0.0967901	0.0976563	0.000375301	0.000444264	0	0	0	0	0	T	0.344444	T	0.366071
3	1035	38	0.0777778	0.0535714	0.151235	0.137297	0.000825516	0.000707263	0	0	0	0	0	T	0.388889	T	0.370536
3	1036	39	0.5	0.5	1	1	-1	0	0	0	0	0	0	T	1	T	1
3	1037	40	0.0388889	0.0758929	0.100278	0.137297	0.00170005	0.0016789	0	0	0	0	0	A	0.344444	C	0.370536
3	1038	41	0.5	0.5	1	1	-1	0	0	0	0	0	0	G	1	G	1
3	1039	42	0.5	0.5	1	1	-1	0	0	0	0	0	0	G	1	G	1
3	1040	43	0.15	0.129464	0.266944	0.27282	3.2025e-005	0.000124015	0	0	0	0	0	T	0.516667	T	0.522321
3	1041	44	0.116667	0.116071	0.222994	0.241151	0.000355772	0.000370045	0	0	0	0	0	A	0.527778	A	0.508929
3	1042	45	0.5	0.5	1	1	-1	0	0	0	0	0	0	C	1	C	1
3	1043	46	0.1	0.111607	0.207531	0.28699	0.00642591	0.00525144	0	0	0	1	1	G	0.544444	C	0.535714
3	1044	47	0.0555556	0.0401786	0.111111	0.0791016	0.00236552	0.00464278	0	0	0	0	1	A	0.355556	G	0.370536
3	1045	48	0.0888889	0.0446429	0.151235	0.0766103	0.00882128	0.00570447	0	0	1	1	1	A	0.388889	G	0.415179
3	1046	49	0.0555556	0.0580357	0.134444	0.134008	0.00142947	0.00283594	0	0	0	0	0	C	0.366667	C	0.366071
3	1047	50	0.111111	0.160714	0.261235	0.28699	0.000606646	0.000779899	0	0	0	0	0	C	0.511111	C	0.535714
3	1048	51	0.133333	0.138393	0.278549	0.28699	6.32431e-005	0.000408918	0	0	0	0	0	C	0.527778	C	0.535714
3	1049	52	0.05	0.0580357	0.09	0.115115	0.000903127	0.00102906	0	0	0	0	0	G	0.383333	G	0.357143
3	1050	53	0.0722222	0.0491071	0.111111	0.124382	0.002261	0.00192859	0	0	0	0	0	C	0.383333	T	0.352679
3	1051	54	0.0611111	0.0446429	0.12642	0.0868144	0.00229624	0.00197533	0	0	0	0	0	C	0.355556	T	0.352679
3	1052	55	0.0722222	0.0491071	0.107438	0.134008	0.000843986	0.00180921	0	0	0	0	0	G	0.35	C	0.366071
3	1053	56	0.122222	0.138393	0.217778	0.277503	0.00361445	0.00303009	0	0	0	0	0	T	0.533333	C	0.526786
3	1054	57	0.0388889	0.0357143	0.114846	0.100466	0.00378376	0.00364005	0	0	0	0	0	T	0.383333	G	0.357143
3	1055	58	0.5	0.5	1	1	-1	0	0	0	0	0	0	G	1	G	1
3	1056	59	0.0722222	0.0535714	0.12642	0.121253	0.000979199	0.00133516	0	0	0	0	0	T	0.366667	A	0.348214
3	1057	60	0.0611111	0.0580357	0.130401	0.0976563	0.00208298	0.00174603	0	0	0	0	0	G	0.361111	A	0.348214
3	1058	61	0.5	0.5	1	1	-1	0	0	0	0	0	0	C	1	C	1
3	1059	62	0.05	0.0491071	0.103827	0.109136	0.000341904	0.000355198	0	0	0	0	0	T	0.35	T	0.366071
3	1060	63	0.05	0.0491071	0.09	0.103316	0.000281474	0.000338874	0	0	0	0	0	G	0.377778	G	0.361607
3	1061	64	0.0944444	0.133929	0.244475	0.263572	0.000359064	0.000754213	0	0	0	0	0	C	0.505556	A	0.513393
3	1062	65	0.133333	0.129464	0.233611	0.282227	0.0022965	0.00139577	0	0	0	0	0	C	0.516667	T	0.53125
3	1063	66	0.05	0.0669643	0.107438	0.112105	3.39129e-005	0.00152535	0	0	0	0	0	A	0.344444	A	0.34375
3	1064	67	0.144444	0.129464	0.321111	0.25	0.00446429	0.00330109	0	0	0	0	0	G	0.566667	G	0.5
3	1065	68	0.0444444	0.0401786	0.111111	0.106206	0.00371813	0.00363962	0	0	0	0	0	A	0.383333	G	0.357143
3	1066	69	0.0722222	0.0491071	0.111111	0.106206	0.00283992	0.00311188	0	0	0	0	0	C	0.383333	T	0.348214
4	100	4	0.161111	0.102679	0.3025	0.20735	0.00895753	0.00712934	1	1	1	1	1	G	0.55	A	0.544643
4	101	5	0.0555556	0.0401786	0.142716	0.106206	0.00293	0.00362018	0	0	0	0	0	A	0.377778	T	0.34375
4	102	6	0.133333	0.129464	0.261235	0.277503	0.000246047	0.000908576	0	0	0	0	0	A	0.511111	A	0.526786
4	103	7	0.138889	0.147321	0.266944	0.277503	0.000102589	0.00021816	0	0	0	0	0	T	0.516667	T	0.526786
4	104	8	0.0444444	0.0580357	0.0866975	0.100466	0.000313752	0.000338964	0	0	0	0	0	T	0.361111	T	0.34375
4	105	9	0.0722222	0.0491071	0.118642	0.124382	0.000155427	0.0019318	0	0	0	0	0	T	0.366667	T	0.375
4	106	10	0.0722222	0.0401786	0.142716	0.106206	0.00823625	0.00469891	0	0	0	0	1	C	0.377778	T	0.370536
4	107	11	0.138889	0.107143	0.266944	0.241151	0.000655155	0.00284713	0	0	0	0	0	C	0.516667	T	0.508929
4	108	12	0.0722222	0.0669643	0.130401	0.118164	0.00328783	0.00227159	0	0	0	0	0	G	0.361111	C	0.40625
4	109	13	0.05	0.0580357	0.0967901	0.0976563	0.000950139	0.00159708	0	0	0	0	0	A	0.388889	A	0.352679
4	1010	14	0.5	0.5	1	1	-1	0	0	0	0	0	0	T	1	T	1
4	1011	15	0.5	0.5	1	1	-1	0	0	0	0	0	0	G	1	G	1
4	1012	16	0.0555556	0.0892857	0.0771605	0.161432	0.0124822	0.0124795	1	1	1	1	1	C	0.427778	A	0.401786
4	1013	17	0.5	0.5	1	1	-1	0	0	0	0	0	0	A	1	A	1
4	1014	18	0.5	0.5	1	1	-1	0	0	0	0	0	0	C	1	C	1
4	1015	19	0.116667	0.129464	0.25	0.27282	0.000498495	0.000922069	0	0	0	0	0	A	0.5	A	0.522321
4	1016	20	0.05	0.0446429	0.0802778	0.115115	0.00198665	0.00159794	0	0	0	0	0	A	0.366667	C	0.339286
4	1017	21	0.5	0.5	1	1	-1	0	0	0	0	0	0	G	1	G	1
4	1018	22	0.05	0.0803571	0.0933642	0.140625	0.00347839	0.00255681	0	0	0	0	0	G	0.405556	C	0.375
4	1019	23	0.0888889	0.0803571	0.155586	0.161432	0.000228611	0.00157955	0	0	0	0	0	T	0.394444	T	0.401786
4	1020	24	0.0888889	0.111607	0.217778	0.27282	0.00309783	0.00230093	0	0	0	0	0	T	0.533333	C	0.522321
4	1021	25	0.5	0.5	1	1	-1	0	0	0	0	0	0	T	1	T	1
4	1022	26	0.0333333	0.0758929	0.100278	0.140625	0.00203764	0.00226162	0	0	0	0	0	A	0.35	G	0.375
4	1023	27	0.0333333	0.0401786	0.103827	0.0894651	0.00271838	0.0027017	0	0	0	0	0	C	0.388889	T	0.357143
4	1024	28	0.166667	0.120536	0.314846	0.254484	0.00322272	0.00333826	0	0	0	0	0	T	0.561111	T	0.504464
4	1025	29	0.111111	0.0982143	0.266944	0.203304	0.00433075	0.00398265	0	0	0	0	0	G	0.516667	A	0.549107
4	1026	30	0.5	0.5	1	1	-1	0	0	0	0	0	0	T	1	T	1
4	1027	31	0.0555556	0.0491071	0.142716	0.0921556	0.00331302	0.0031773	0	0	0	0	0	T	0.377778	C	0.370536
4	1028	32	0.0666667	0.0446429	0.12642	0.094886	0.00276267	0.00286871	0	0	0	0	0	G	0.355556	A	0.379464
4	1029	33	0.5	0.5	1	1	-1	0	0	0	0	0	0	G	1	G	1
4	1030	34	0.116667	0.102679	0.217778	0.219727	4.35846e-006	6.62805e-005	0	0	0	0	0	C	0.533333	C	0.53125
4	1031	35	0.0333333	0.0535714	0.12642	0.121253	5.44019e-005	8.51642e-005	0	0	0	0	0	A	0.355556	A	0.348214
4	1032	36	0.5	0.5	1	1	-1	0	0	0	0	0	0	T	1	T	1
4	1033	37	0.0611111	0.0625	0.134444	0.0894651	0.00262689	0.00185948	0	0	0	0	0	A	0.366667	T	0.352679
4	1034	38	0.116667	0.120536	0.244475	0.25	3.08652e-005	0.000766245	0	0	0	0	0	A	0.505556	C	0.5
4	1035	39	0.5	0.5	1	1	-1	0	0	0	0	0	0	C	1	C	1
4	1036	40	0.5	0.5	1	1	-1	0	0	0	0	0	0	T	1	T	1
4	1037	41	0.5	0.5	1	1	-1	0	0	0	0	0	0	A	1	A	1
4	1038	42	0.0388889	0.0848214	0.103827	0.121253	0.000918625	0.00119565	0	0	0	0	0	A	0.338889	T	0.352679
4	1039	43	0.0444444	0.0491071	0.111111	0.106206	0.00104028	0.00409274	0	0	0	0	1	C	0.372222	C	0.339286
4	1040	44	0.183333	0.116071	0.36	0.228177	0.0150534	0.00910393	1	1	1	1	1	G	0.6	T	0.522321
4	1041	45	0.0333333	0.0357143	0.0653086	0.103316	0.0030411	0.00543881	0	0	1	1	1	A	0.422222	A	0.361607
4	1042	46	0.0722222	0.09375	0.138549	0.165039	0.00234524	0.002676	0	0	0	0	0	A	0.372222	A	0.40625
4	1043	47	0.0777778	0.0625	0.142716	0.124382	0.00250437	0.0020914	0	0	0	0	0	G	0.388889	A	0.352679
4	1044	48	0.1	0.147321	0.272716	0.301519	0.000726495	0.00131484	0	0	0	0	0	C	0.522222	C	0.549107
4	1045	49	0.5	0.5	1	1	-1	0	0	0	0	0	0	C	1	C	1
4	1046	50	0.0888889	0.120536	0.169012	0.232462	0.00510366	0.00408211	0	0	0	0	1	G	0.588889	G	0.517857
4	1047	51	0.155556	0.0982143	0.266944	0.223932	0.0018883	0.00240449	0	0	0	0	0	C	0.516667	T	0.526786
4	1048	52	0.05	0.0714286	0.118642	0.118164	0.00113512	0.00119525	0	0	0	0	0	T	0.377778	C	0.34375
4	1049	53	0.0444444	0.0714286	0.118642	0.109136	0.000412838	0.000661069	0	0	0	0	0	T	0.344444	C	0.34375
4	1050	54	0.5	0.5	1	1	-1	0	0	0	0	0	0	G	1	G	1
4	1051	55	0.127778	0.125	0.212623	0.254484	0.00188173	0.00167087	0	0	0	0	0	G	0.538889	C	0.504464
4	1052	56	0.1	0.102679	0.222994	0.191406	0.00121554	0.00140411	0	0	0	0	0	C	0.527778	C	0.5625
4	1053	57	0.5	0.5	1	1	-1	0	0	0	0	0	0	A	1	A	1
4	1054	58	0.5	0.5	1	1	-1	0	0	0	0	0	0	A	1	A	1
4	1055	59	0.0888889	0.107143	0.207531	0.20735	3.96825e-008	0.0018205	0	0	0	0	0	G	0.544444	G	0.544643
4	1056	60	0.177778	0.111607	0.29642	0.215561	0.00642591	0.00457318	0	0	0	0	1	T	0.544444	G	0.535714
4	1057	61	0.5	0.5	1	1	-1	0	0	0	0	0	0	T	1	T	1
4	1058	62	0.111111	0.133929	0.212623	0.263572	0.00273516	0.00282891	0	0	0	0	0	C	0.538889	A	0.513393
4	1059	63	0.5	0.5	1	1	-1	0	0	0	0	0	0	T	1	T	1
4	1060	64	0.127778	0.107143	0.284444	0.228177	0.00309783	0.00371029	0	0	0	0	0	A	0.533333	C	0.522321
4	1061	65	0.0611111	0.0625	0.118642	0.115115	0.00552692	0.00385033	0	0	0	0	0	A	0.377778	C	0.366071
4	1062	66	0.0611111	0.0714286	0.118642	0.127551	0.000357779	0.00229735	0	0	0	0	0	A	0.355556	C	0.357143
4	1063	67	0.0666667	0.0357143	0.12642	0.074159	0.00392466	0.00290906	0	0	0	0	0	C	0.355556	T	0.375
4	1064	68	0.5	0.5	1	1	-1	0	0	0	0	0	0	A	1	A	1
4	1065	69	0.105556	0.120536	0.233611	0.232462	1.41892e-006	9.72352e-005	0	0	0	0	0	C	0.516667	C	0.517857
4	1066	70	0.5	0.5	1	1	-1	0	0	0	0	0	0	A	1	A	1
4	1067	71	0.0444444	0.0758929	0.130401	0.143993	0.000190593	0.000614503	0	0	0	0	0	T	0.361111	T	0.379464
4	1068	72	0.0777778	0.0714286	0.138549	0.112105	0.00171082	0.00118325	0	0	0	0	0	C	0.372222	G	0.348214
4	1069	73	0.0888889	0.138393	0.239012	0.268176	0.000839198	0.00114278	0	0	0	0	0	T	0.511111	A	0.517857
4	1070	74	0.0333333	0.0491071	0.103827	0.0976563	0.00122929	0.00172528	0	0	0	0	0	T	0.388889	T	0.433036
4	1071	75	0.0722222	0.0401786	0.138549	0.0976563	0.00393008	0.00260056	0	0	0	0	0	C	0.372222	T	0.352679
4	1072	76	0.122222	0.129464	0.25	0.277503	0.00071799	0.00163563	0	0	0	0	0	C	0.5	C	0.526786
4	1073	77	0.5	0.5	1	1	-1	0	0	0	0	0	0	T	1	T	1
4	1074	78	0.0388889	0.0446429	0.111111	0.0791016	0.00248398	0.00238962	0	0	0	0	0	A	0.344444	G	0.383929
4	1075	79	0.5	0.5	1	1	-1	0	0	0	0	0	0	T	1	T	1
4	1076	80	0.15	0.151786	0.272716	0.28699	0.000182649	0.00104533	0	0	0	0	0	G	0.522222	G	0.535714
4	1077	81	0.133333	0.142857	0.261235	0.321449	0.00313871	0.00226175	0	0	0	0	0	C	0.511111	C	0.566964
4	1078	82	0.5	0.5	1	1	-1	0	0	0	0	0	0	T	1	T	1
4	1079	83	0.122222	0.120536	0.261235	0.263572	5.20949e-006	7.99362e-005	0	0	0	0	0	C	0.511111	C	0.513393
4	1080	84	0.5	0.5	1	1	-1	0	0	0	0	0	0	C	1	C	1
4	1081	85	0.5	0.5	1	1	-1	0	0	0	0	0	0	T	1	T	1
5	100	5	0.5	0.5	1	1	-1	0	0	0	0	0	0	T	1	T	1
5	101	6	0.5	0.5	1	1	-1	0	0	0	0	0	0	A	1	A	1
5	102	7	0.0722222	0.0625	0.146944	0.103316	0.00341372	0.00339623	0	0	0	0	0	A	0.383333	C	0.388393
5	103	8	0.5	0.5	1	1	-1	0	0	0	0	0	0	C	1	C	1
5	104	9	0.05	0.0580357	0.12642	0.134008	0.00267999	0.00198494	0	0	0	0	0	A	0.355556	A	0.366071
5	105	10	0.0333333	0.0580357	0.111111	0.118164	9.46757e-005	0.00124823	0	0	0	0	0	A	0.333333	A	0.34375
5	106	11	0.0777778	0.0892857	0.138549	0.168686	0.00269367	0.0019315	0	0	0	0	0	G	0.372222	G	0.410714
5	107	12	0.122222	0.125	0.266944	0.223932	0.0018883	0.00171692	0	0	0	0	0	T	0.516667	A	0.526786
5	108	13	0.111111	0.102679	0.239012	0.219727	0.000406304	0.000858178	0	0	0	0	0	C	0.511111	C	0.53125
5	109	14	0.5	0.5	1	1	-1	0	0	0	0	0	0	C	1	C	1
5	1010	15	0.5	0.5	1	1	-1	0	0	0	0	0	0	G	1	G	1
5	1011	16	0.5	0.5	1	1	-1	0	0	0	0	0	0	T	1	T	1
5	1012	17	0.138889	0.107143	0.290401	0.203304	0.00774411	0.00658399	1	1	1	1	1	T	0.538889	A	0.549107
5	1013	18	0.0833333	0.0758929	0.146944	0.118164	0.00364936	0.00480947	0	0	0	1	1	C	0.383333	A	0.352679
5	1014	19	0.5	0.5	1	1	-1	0	0	0	0	0	0	G	1	G	1
5	1015	20	0.5	0.5	1	1	-1	0	0	0	0	0	0	A	1	A	1
5	1016	21	0.5	0.5	1	1	-1	0	0	0	0	0	0	A	1	A	1
5	1017	22	0.5	0.5	1	1	-1	0	0	0	0	0	0	A	1	A	1
5	1018	23	0.166667	0.133929	0.34679	0.254484	0.00719017	0.00574315	0	0	1	1	1	T	0.588889	T	0.504464
5	1019	24	0.144444	0.111607	0.278549	0.232462	0.00208275	0.00352977	0	0	0	0	0	C	0.527778	A	0.517857
5	1020	25	0.5	0.5	1	1	-1	0	0	0	0	0	0	T	1	T	1
5	1021	26	0.5	0.5	1	1	-1	0	0	0	0	0	0	C	1	C	1
5	1022	27	0.0944444	0.125	0.217778	0.228177	0.000121639	0.00054185	0	0	0	0	0	G	0.533333	G	0.522321
5	1023	28	0.0777778	0.0803571	0.146944	0.124382	0.00163708	0.000930039	0	0	0	0	0	T	0.383333	T	0.352679
5	1024	29	0.116667	0.125	0.239012	0.241151	4.76539e-006	0.000369952	0	0	0	0	0	T	0.511111	T	0.508929
5	1025	30	0.0444444	0.0625	0.130401	0.124382	4.19434e-005	5.90414e-005	0	0	0	0	0	T	0.372222	T	0.375
5	1026	31	0.5	0.5	1	1	-1	0	0	0	0	0	0	A	1	A	1
5	1027	32	0.5	0.5	1	1	-1	0	0	0	0	0	0	T	1	T	1
5	1028	33	0.116667	0.142857	0.290401	0.282227	5.86411e-005	0.000399975	0	0	0	0	0	C	0.538889	C	0.53125
5	1029	34	0.133333	0.102679	0.25	0.215561	0.00127714	0.000766196	0	0	0	0	0	T	0.5	C	0.535714
5	1030	35	0.0555556	0.0625	0.0967901	0.106206	0.000181265	0.000574474	0	0	0	0	0	G	0.377778	G	0.361607
5	1031	36	0.5	0.5	1	1	-1	0	0	0	0	0	0	C	1	C	1
5	1032	37	0.0388889	0.0580357	0.0570679	0.106206	0.0058168	0.00417311	0	0	0	0	1	T	0.405556	G	0.357143
5	1033	38	0.116667	0.120536	0.255586	0.236787	0.000359064	0.00206441	0	0	0	0	0	C	0.505556	G	0.513393
5	1034	39	0.0555556	0.0580357	0.103827	0.143993	0.002627	0.00205037	0	0	0	0	0	T	0.355556	G	0.379464
5	1035	40	0.5	0.5	1	1	-1	0	0	0	0	0	0	C	1	C	1
5	1036	41	0.5	0.5	1	1	-1	0	0	0	0	0	0	C	1	C	1
5	1037	42	0.1	0.129464	0.222994	0.282227	0.00348432	0.00422902	0	0	0	0	1	A	0.527778	G	0.53125
5	1038	43	0.0666667	0.0714286	0.169012	0.109136	0.00611378	0.00527751	0	0	0	1	1	G	0.411111	A	0.339286
5	1039	44	0.5	0.5	1	1	-1	0	0	0	0	0	0	G	1	G	1
5	1040	45	0.122222	0.142857	0.255586	0.263572	6.14454e-005	0.000205139	0	0	0	0	0	C	0.505556	C	0.513393
5	1041	46	0.5	0.5	1	1	-1	0	0	0	0	0	0	G	1	G	1
5	1042	47	0.0388889	0.0446429	0.100278	0.106206	0.000148522	0.00132776	0	0	0	0	0	C	0.377778	C	0.361607
5	1043	48	0.0833333	0.0357143	0.164475	0.106206	0.00438898	0.00316488	0	0	0	0	0	C	0.405556	G	0.339286
5	1044	49	0.5	0.5	1	1	-1	0	0	0	0	0	0	C	1	C	1
5	1045	50	0.0833333	0.0625	0.12642	0.094886	0.00189777	0.00247168	0	0	0	0	0	A	0.355556	T	0.352679
5	1046	51	0.0555556	0.0669643	0.107438	0.140625	0.00326807	0.00469078	0	0	0	0	1	T	0.361111	G	0.375
5	1047	52	0.0277778	0.0848214	0.068179	0.161432	0.0111853	0.0074633	1	1	1	1	1	C	0.394444	A	0.401786
5	1048	53	0.0444444	0.09375	0.114846	0.165039	0.00303349	0.00416264	0	0	0	0	1	A	0.344444	C	0.40625
5	1049	54	0.127778	0.147321	0.284444	0.268176	0.000240142	0.00119044	0	0	0	0	0	C	0.533333	C	0.517857
5	1050	55	0.0722222	0.0580357	0.134444	0.118164	0.00113255	0.00103577	0	0	0	0	0	A	0.366667	A	0.34375
5	1051	56	0.5	0.5	1	1	-1	0	0	0	0	0	0	C	1	C	1
5	1052	57	0.122222	0.09375	0.244475	0.165039	0.00785573	0.00839389	1	1	1	1	1	G	0.505556	G	0.59375
5	1053	58	0.15	0.107143	0.327438	0.219727	0.0107245	0.00764993	1	1	1	1	1	G	0.572222	C	0.53125
5	1054	59	0.105556	0.129464	0.261235	0.254484	4.4191e-005	0.00279651	0	0	0	0	0	G	0.511111	G	0.504464
5	1055	60	0.15	0.125	0.29642	0.254484	0.00160225	0.00135619	0	0	0	0	0	A	0.544444	A	0.504464
5	1056	61	0.05	0.0535714	0.114846	0.140625	0.00143655	0.00151285	0	0	0	0	0	C	0.361111	T	0.375
5	1057	62	0.111111	0.111607	0.197531	0.236787	0.00178618	0.00133638	0	0	0	0	0	T	0.555556	T	0.513393
5	1058	63	0.0611111	0.0580357	0.107438	0.106206	0.0001458	0.000596328	0	0	0	0	0	T	0.361111	T	0.348214
5	1059	64	0.133333	0.129464	0.228272	0.245556	0.000315569	0.000987311	0	0	0	0	0	T	0.522222	T	0.504464
5	1060	65	0.111111	0.111607	0.2025	0.259008	0.00347844	0.00250409	0	0	0	0	0	T	0.55	C	0.508929
5	1061	66	0.5	0.5	1	1	-1	0	0	0	0	0	0	C	1	C	1
5	1062	67	0.122222	0.125	0.217778	0.236787	0.000398493	0.00075115	0	0	0	0	0	C	0.533333	C	0.513393
5	1063	68	0.116667	0.142857	0.233611	0.27282	0.00152012	0.000949577	0	0	0	0	0	C	0.516667	A	0.522321
5	1064	69	0.1	0.0982143	0.228272	0.223932	2.08756e-005	0.000717239	0	0	0	0	0	C	0.522222	C	0.526786
5	1065	70	0.0611111	0.0580357	0.100278	0.118164	0.00151658	0.00164765	0	0	0	0	0	C	0.4	C	0.348214
5	1066	71	0.0888889	0.0580357	0.142716	0.0976563	0.0036146	0.0029199	0	0	0	0	0	T	0.377778	A	0.370536
5	1067	72	0.5	0.5	1	1	-1	0	0	0	0	0	0	T	1	T	1
5	1068	73	0.116667	0.107143	0.233611	0.223932	0.000102589	0.000482767	0	0	0	0	0	G	0.516667	G	0.526786
5	1069	74	0.0333333	0.0580357	0.068179	0.094886	0.00125037	0.000909717	0	0	0	0	0	G	0.4	G	0.375
5	1070	75	0.5	0.5	1	1	-1	0	0	0	0	0	0	T	1	T	1
5	1071	76	0.133333	0.133929	0.228272	0.228177	9.86147e-009	2.98354e-005	0	0	0	0	0	T	0.522222	T	0.522321
6	100	6	0.105556	0.165179	0.228272	0.316406	0.00718952	0.00564157	0	0	1	1	1	G	0.522222	T	0.5625
6	101	7	0.0888889	0.107143	0.187778	0.228177	0.0019822	0.00302375	0	0	0	0	0	T	0.566667	T	0.522321
6	102	8	0.05	0.0446429	0.151235	0.118164	0.00149272	0.00177915	0	0	0	0	0	G	0.388889	T	0.366071
6	103	9	0.5	0.5	1	1	-1	0	0	0	0	0	0	G	1	G	1
6	104	10	0.0611111	0.0446429	0.142716	0.0842036	0.00481042	0.00473069	0	0	0	1	1	G	0.377778	C	0.375
6	105	11	0.5	0.5	1	1	-1	0	0	0	0	0	0	T	1	T	1
6	106	12	0.5	0.5	1	1	-1	0	0	0	0	0	0	G	1	G	1
6	107	13	0.0944444	0.107143	0.222994	0.232462	9.86244e-005	0.00136359	0	0	0	0	0	T	0.527778	T	0.517857
6	108	14	0.161111	0.111607	0.278549	0.211436	0.00461878	0.00268618	0	0	0	0	0	T	0.527778	G	0.540179
6	109	15	0.0444444	0.0580357	0.111111	0.094886	0.000434721	0.00165664	0	0	0	0	0	C	0.372222	C	0.375
6	1010	16	0.0833333	0.125	0.212623	0.254484	0.00188173	0.00152566	0	0	0	0	0	G	0.538889	T	0.504464
6	1011	17	0.5	0.5	1	1	-1	0	0	0	0	0	0	G	1	G	1
6	1012	18	0.5	0.5	1	1	-1	0	0	0	0	0	0	G	1	G	1
6	1013	19	0.5	0.5	1	1	-1	0	0	0	0	0	0	A	1	A	1
6	1014	20	0.5	0.5	1	1	-1	0	0	0	0	0	0	C	1	C	1
6	1015	21	0.5	0.5	1	1	-1	0	0	0	0	0	0	A	1	A	1
6	1016	22	0.5	0.5	1	1	-1	0	0	0	0	0	0	T	1	T	1
6	1017	23	0.5	0.5	1	1	-1	0	0	0	0	0	0	A	1	A	1
6	1018	24	0.5	0.5	1	1	-1	0	0	0	0	0	0	C	1	C	1
6	1019	25	0.161111	0.111607	0.266944	0.232462	0.0011919	0.0015968	0	0	0	0	0	G	0.516667	C	0.517857
6	1020	26	0.144444	0.116071	0.308642	0.254484	0.00261976	0.00226449	0	0	0	0	0	G	0.555556	G	0.504464
6	1021	27	0.0388889	0.0580357	0.0802778	0.112105	0.00161754	0.00491374	0	0	0	1	1	A	0.361111	A	0.348214
6	1022	28	0.1	0.142857	0.187778	0.311404	0.0155518	0.0106742	1	1	1	1	1	T	0.566667	C	0.558036
6	1023	29	0.172222	0.102679	0.314846	0.219727	0.00853819	0.00817231	1	1	1	1	1	G	0.561111	T	0.53125
6	1024	30	0.133333	0.107143	0.212623	0.228177	0.000275513	0.00281261	0	0	0	0	0	T	0.538889	T	0.522321
6	1025	31	0.5	0.5	1	1	-1	0	0	0	0	0	0	C	1	C	1
6	1026	32	0.0944444	0.09375	0.228272	0.195332	0.00129092	0.0012765	0	0	0	0	0	G	0.522222	G	0.558036
6	1027	33	0.5	0.5	1	1	-1	0	0	0	0	0	0	A	1	A	1
6	1028	34	0.116667	0.120536	0.25	0.211436	0.00161693	0.00163013	0	0	0	0	0	G	0.5	C	0.540179
6	1029	35	0.5	0.5	1	1	-1	0	0	0	0	0	0	A	1	A	1
6	1030	36	0.111111	0.142857	0.222994	0.27282	0.00251001	0.00247458	0	0	0	0	0	A	0.527778	G	0.522321
6	1031	37	0.5	0.5	1	1	-1	0	0	0	0	0	0	C	1	C	1
6	1032	38	0.116667	0.111607	0.212623	0.254484	0.00188173	0.00189671	0	0	0	0	0	T	0.538889	G	0.504464
6	1033	39	0.5	0.5	1	1	-1	0	0	0	0	0	0	T	1	T	1
6	1034	40	0.5	0.5	1	1	-1	0	0	0	0	0	0	A	1	A	1
6	1035	41	0.5	0.5	1	1	-1	0	0	0	0	0	0	G	1	G	1
6	1036	42	0.5	0.5	1	1	-1	0	0	0	0	0	0	C	1	C	1
6	1037	43	0.144444	0.147321	0.29642	0.342016	0.00165801	0.00119771	0	0	0	0	0	T	0.544444	T	0.584821
6	1038	44	0.15	0.151786	0.290401	0.296636	3.33408e-005	0.000493637	0	0	0	0	0	T	0.538889	T	0.544643
6	1039	45	0.5	0.5	1	1	-1	0	0	0	0	0	0	A	1	A	1
6	1040	46	0.5	0.5	1	1	-1	0	0	0	0	0	0	C	1	C	1
6	1041	47	0.0611111	0.0357143	0.118642	0.0842036	0.00939403	0.00691132	1	1	1	1	1	A	0.355556	T	0.428571
6	1042	48	0.127778	0.129464	0.255586	0.223932	0.00104643	0.00271443	0	0	0	0	0	G	0.505556	C	0.526786
6	1043	49	0.0444444	0.0446429	0.118642	0.106206	0.000254234	0.000630551	0	0	0	0	0	C	0.344444	T	0.357143
6	1044	50	0.5	0.5	1	1	-1	0	0	0	0	0	0	A	1	A	1
6	1045	51	0.116667	0.138393	0.222994	0.245556	0.000544085	0.000696372	0	0	0	0	0	T	0.527778	T	0.504464
6	1046	52	0.5	0.5	1	1	-1	0	0	0	0	0	0	G	1	G	1
6	1047	53	0.15	0.120536	0.278549	0.195332	0.0073707	0.0051969	0	0	0	1	1	G	0.527778	C	0.558036
6	1048	54	0.0388889	0.0357143	0.0967901	0.103316	0.000175938	0.00216247	0	0	0	0	0	A	0.372222	A	0.379464
6	1049	55	0.138889	0.15625	0.266944	0.316406	0.00211394	0.00130217	0	0	0	0	0	C	0.516667	C	0.5625
6	1050	56	0.122222	0.142857	0.272716	0.27282	9.86147e-009	0.000603314	0	0	0	0	0	A	0.522222	A	0.522321
6	1051	57	0.5	0.5	1	1	-1	0	0	0	0	0	0	T	1	T	1
6	1052	58	0.0277778	0.0625	0.0802778	0.106206	0.00121616	0.00118738	0	0	0	0	0	C	0.372222	G	0.339286
6	1053	59	0.5	0.5	1	1	-1	0	0	0	0	0	0	A	1	A	1
6	1054	60	0.5	0.5	1	1	-1	0	0	0	0	0	0	G	1	G	1
6	1055	61	0.5	0.5	1	1	-1	0	0	0	0	0	0	T	1	T	1
6	1056	62	0.138889	0.15625	0.255586	0.342016	0.00633482	0.00684579	1	1	1	1	1	A	0.505556	A	0.584821
6	1057	63	0.177778	0.107143	0.327438	0.232462	0.00813835	0.00750852	1	1	1	1	1	A	0.572222	G	0.517857
6	1058	64	0.5	0.5	1	1	-1	0	0	0	0	0	0	A	1	A	1
6	1059	65	0.127778	0.125	0.25	0.223932	0.00071799	0.00264036	0	0	0	0	0	T	0.5	A	0.526786
6	1060	66	0.1	0.120536	0.187778	0.268176	0.00716134	0.0053363	0	0	1	1	1	T	0.566667	C	0.517857
6	1061	67	0.5	0.5	1	1	-1	0	0	0	0	0	0	A	1	A	1
6	1062	68	0.5	0.5	1	1	-1	0	0	0	0	0	0	A	1	A	1
6	1063	69	0.0777778	0.129464	0.2025	0.241151	0.00169274	0.00166956	0	0	0	0	0	G	0.55	G	0.508929
6	1064	70	0.5	0.5	1	1	-1	0	0	0	0	0	0	T	1	T	1
6	1065	71	0.0555556	0.0446429	0.103827	0.112105	0.000667218	0.000734007	0	0	0	0	0	A	0.377778	A	0.34375
6	1066	72	0.133333	0.120536	0.278549	0.25	0.000772201	0.000993444	0	0	0	0	0	G	0.527778	G	0.5
6	1067	73	0.0611111	0.0758929	0.118642	0.147401	0.00189175	0.00139052	0	0	0	0	0	A	0.377778	C	0.383929
6	1068	74	0.105556	0.111607	0.233611	0.20735	0.00078562	0.00108174	0	0	0	0	0	C	0.516667	C	0.544643
6	1069	75	0.5	0.5	1	1	-1	0	0	0	0	0	0	A	1	A	1
6	1070	76	0.0833333	0.0580357	0.134444	0.124382	0.000408896	0.000621978	0	0	0	0	0	T	0.366667	T	0.352679
6	1071	77	0.0222222	0.0446429	0.0802778	0.106206	0.00115012	0.000940095	0	0	0	0	0	G	0.383333	G	0.375
7	100	7	0.138889	0.129464	0.266944	0.259008	5.99174e-005	0.000476893	0	0	0	0	0	C	0.516667	C	0.508929
7	101	8	0.122222	0.111607	0.244475	0.20735	0.00153168	0.0010969	0	0	0	0	0	T	0.505556	T	0.544643
7	102	9	0.5	0.5	1	1	-1	0	0	0	0	0	0	T	1	T	1
7	103	10	0.105556	0.142857	0.25	0.259008	7.97257e-005	0.000114328	0	0	0	0	0	A	0.5	A	0.508929
7	104	11	0.5	0.5	1	1	-1	0	0	0	0	0	0	T	1	T	1
7	105	12	0.5	0.5	1	1	-1	0	0	0	0	0	0	T	1	T	1
7	106	13	0.0444444	0.0758929	0.0967901	0.121253	0.00266741	0.00206957	0	0	0	0	0	G	0.35	T	0.370536
7	107	14	0.0555556	0.0401786	0.0967901	0.115115	0.000558461	0.00113871	0	0	0	0	0	C	0.361111	G	0.339286
7	108	15	0.5	0.5	1	1	-1	0	0	0	0	0	0	C	1	C	1
7	109	16	0.0333333	0.0580357	0.100278	0.0976563	0.000152895	0.00183701	0	0	0	0	0	A	0.377778	A	0.366071
7	1010	17	0.0944444	0.0535714	0.197531	0.121253	0.00628906	0.00350049	0	0	0	0	0	C	0.444444	C	0.348214
7	1011	18	0.105556	0.133929	0.244475	0.245556	1.19099e-006	0.00141099	0	0	0	0	0	T	0.505556	T	0.504464
7	1012	19	0.105556	0.125	0.228272	0.241151	0.000176893	0.000329152	0	0	0	0	0	G	0.522222	G	0.508929
7	1013	20	0.5	0.5	1	1	-1	0	0	0	0	0	0	A	1	A	1
7	1014	21	0.161111	0.116071	0.278549	0.203304	0.00591398	0.00430618	0	0	0	0	1	A	0.527778	T	0.549107
7	1015	22	0.1	0.125	0.207531	0.228177	0.000491619	0.00255296	0	0	0	0	0	T	0.544444	T	0.522321
7	1016	23	0.0777778	0.0535714	0.164475	0.106206	0.00438898	0.00327836	0	0	0	0	0	A	0.405556	T	0.339286
7	1017	24	0.166667	0.125	0.321111	0.263572	0.00285641	0.00408396	0	0	0	0	1	C	0.566667	C	0.513393
7	1018	25	0.0444444	0.0714286	0.09	0.161432	0.00710498	0.00587438	0	0	1	1	1	G	0.377778	C	0.401786
7	1019	26	0.5	0.5	1	1	-1	0	0	0	0	0	0	A	1	A	1
7	1020	27	0.5	0.5	1	1	-1	0	0	0	0	0	0	A	1	A	1
7	1021	28	0.05	0.0669643	0.09	0.118164	0.00118946	0.00148549	0	0	0	0	0	A	0.377778	G	0.34375
7	1022	29	0.0388889	0.0535714	0.0866975	0.121253	0.00223098	0.00192201	0	0	0	0	0	G	0.372222	C	0.348214
7	1023	30	0.5	0.5	1	1	-1	0	0	0	0	0	0	T	1	T	1
7	1024	31	0.0444444	0.0535714	0.100278	0.074159	0.00112881	0.0011551	0	0	0	0	0	G	0.344444	C	0.366071
7	1025	32	0.5	0.5	1	1	-1	0	0	0	0	0	0	T	1	T	1
7	1026	33	0.5	0.5	1	1	-1	0	0	0	0	0	0	G	1	G	1
7	1027	34	0.133333	0.160714	0.272716	0.291793	0.000323691	0.000323881	0	0	0	0	0	G	0.522222	G	0.540179
7	1028	35	0.5	0.5	1	1	-1	0	0	0	0	0	0	T	1	T	1
7	1029	36	0.5	0.5	1	1	-1	0	0	0	0	0	0	C	1	C	1
7	1030	37	0.111111	0.0848214	0.182994	0.191406	9.62689e-005	0.00015655	0	0	0	0	0	G	0.572222	G	0.5625
7	1031	38	0.5	0.5	1	1	-1	0	0	0	0	0	0	T	1	T	1
7	1032	39	0.0611111	0.0357143	0.1225	0.0842036	0.00262322	0.00198242	0	0	0	0	0	A	0.377778	A	0.379464
7	1033	40	0.127778	0.129464	0.228272	0.223932	2.08756e-005	0.00271782	0	0	0	0	0	C	0.522222	C	0.526786
7	1034	41	0.177778	0.120536	0.314846	0.215561	0.00938121	0.0066117	1	1	1	1	1	A	0.561111	T	0.535714
7	1035	42	0.0388889	0.0669643	0.0834568	0.150849	0.00684487	0.00577957	0	0	1	1	1	T	0.394444	A	0.388393
7	1036	43	0.0777778	0.0714286	0.151235	0.140625	0.000109087	0.00198333	0	0	0	0	0	G	0.388889	G	0.375
7	1037	44	0.0555556	0.0580357	0.118642	0.154337	0.0014365	0.00126975	0	0	0	0	0	C	0.344444	C	0.392857
7	1038	45	0.0388889	0.0714286	0.107438	0.143993	0.00150619	0.00196123	0	0	0	0	0	C	0.355556	T	0.379464
7	1039	46	0.0833333	0.125	0.192623	0.25	0.00374857	0.00310741	0	0	0	0	0	A	0.561111	G	0.5
7	1040	47	0.5	0.5	1	1	-1	0	0	0	0	0	0	A	1	A	1
7	1041	48	0.122222	0.116071	0.272716	0.20735	0.00447319	0.00439412	0	0	0	0	1	A	0.522222	G	0.544643
7	1042	49	0.5	0.5	1	1	-1	0	0	0	0	0	0	C	1	C	1
7	1043	50	0.0722222	0.0535714	0.169012	0.134008	0.00183	0.00189301	0	0	0	0	0	G	0.411111	G	0.366071
7	1044	51	0.5	0.5	1	1	-1	0	0	0	0	0	0	A	1	A	1
7	1045	52	0.5	0.5	1	1	-1	0	0	0	0	0	0	C	1	C	1
7	1046	53	0.144444	0.129464	0.314846	0.268176	0.00188265	0.00185284	0	0	0	0	0	C	0.561111	C	0.517857
7	1047	54	0.5	0.5	1	1	-1	0	0	0	0	0	0	C	1	C	1
7	1048	55	0.0611111	0.0491071	0.107438	0.115115	0.000632714	0.000662512	0	0	0	0	0	T	0.35	A	0.34375
7	1049	56	0.5	0.5	1	1	-1	0	0	0	0	0	0	A	1	A	1
7	1050	57	0.5	0.5	1	1	-1	0	0	0	0	0	0	A	1	A	1
7	1051	58	0.138889	0.129464	0.278549	0.259008	0.000355772	0.00345186	0	0	0	0	0	A	0.527778	A	0.508929
7	1052	59	0.127778	0.0848214	0.266944	0.168686	0.0112854	0.00810128	1	1	1	1	1	C	0.516667	T	0.589286
7	1053	60	0.5	0.5	1	1	-1	0	0	0	0	0	0	T	1	T	1
7	1054	61	0.155556	0.116071	0.284444	0.228177	0.00309783	0.00263076	0	0	0	0	0	T	0.533333	A	0.522321
7	1055	62	0.0388889	0.0535714	0.142716	0.112105	0.00104498	0.00139812	0	0	0	0	0	G	0.377778	T	0.357143
7	1056	63	0.122222	0.142857	0.3025	0.277503	0.000542099	0.00101453	0	0	0	0	0	C	0.55	C	0.526786
7	1057	64	0.0611111	0.0401786	0.09	0.109136	0.00210535	0.00131442	0	0	0	0	0	A	0.366667	A	0.397321
7	1058	65	0.138889	0.15625	0.261235	0.27282	0.000125812	0.000729058	0	0	0	0	0	A	0.511111	A	0.522321
7	1059	66	0.155556	0.169643	0.278549	0.311404	0.000922335	0.000609023	0	0	0	0	0	T	0.527778	T	0.558036
7	1060	67	0.133333	0.133929	0.278549	0.263572	0.000207277	0.000398798	0	0	0	0	0	G	0.527778	G	0.513393
7	1061	68	0.5	0.5	1	1	-1	0	0	0	0	0	0	T	1	T	1
7	1062	69	0.0555556	0.0491071	0.107438	0.109136	2.29505e-005	2.98384e-005	0	0	0	0	0	G	0.344444	G	0.348214
7	1063	70	0.5	0.5	1	1	-1	0	0	0	0	0	0	A	1	A	1
7	1064	71	0.116667	0.120536	0.261235	0.27282	0.000125812	0.000545105	0	0	0	0	0	G	0.511111	G	0.522321
7	1065	72	0.138889	0.0982143	0.25	0.211436	0.00161693	0.0011263	0	0	0	0	0	A	0.5	C	0.540179
7	1066	73	0.0555556	0.0669643	0.0967901	0.121253	0.00088636	0.001066	0	0	0	0	0	T	0.361111	C	0.348214
7	1067	74	0.5	0.5	1	1	-1	0	0	0	0	0	0	T	1	T	1
7	1068	75	0.0444444	0.0669643	0.138549	0.127551	0.000443949	0.00132721	0	0	0	0	0	T	0.372222	T	0.357143
7	1069	76	0.0388889	0.0669643	0.100278	0.137297	0.00358857	0.00267167	0	0	0	0	0	T	0.355556	T	0.379464
7	1070	77	0.5	0.5	1	1	-1	0	0	0	0	0	0	G	1	G	1
7	1071	78	0.0722222	0.0446429	0.114846	0.0868144	0.00120477	0.0015214	0	0	0	0	0	G	0.338889	T	0.361607
7	1072	79	0.133333	0.120536	0.290401	0.241151	0.00228856	0.00154683	0	0	0	0	0	T	0.538889	G	0.508929
7	1073	80	0.116667	0.111607	0.255586	0.259008	1.13796e-005	0.000665977	0	0	0	0	0	T	0.505556	T	0.508929
7	1074	81	0.5	0.5	1	1	-1	0	0	0	0	0	0	C	1	C	1
7	1075	82	0.5	0.5	1	1	-1	0	0	0	0	0	0	C	1	C	1
8	100	8	0.0388889	0.0535714	0.0866975	0.127551	0.00460216	0.00460216	0	0	0	0	1	A	0.355556	T	0.375
8	101	9	0.5	0.5	1	1	-1	0	0	0	0	0	0	A	1	A	1
8	102	10	0.5	0.5	1	1	-1	0	0	0	0	0	0	T	1	T	1
8	103	11	0.155556	0.111607	0.278549	0.215561	0.0040315	0.00403163	0	0	0	0	1	G	0.527778	T	0.535714
8	104	12	0.5	0.5	1	1	-1	0	0	0	0	0	0	C	1	C	1
8	105	13	0.5	0.5	1	1	-1	0	0	0	0	0	0	T	1	T	1
8	106	14	0.0388889	0.0446429	0.103827	0.0816327	0.00142815	0.00110305	0	0	0	0	0	T	0.377778	T	0.366071
8	107	15	0.0444444	0.0892857	0.118642	0.134008	0.000278349	0.000716312	0	0	0	0	0	G	0.344444	G	0.366071
8	108	16	0.177778	0.116071	0.284444	0.25	0.00111235	0.000885558	0	0	0	0	0	T	0.533333	T	0.5
8	109	17	0.5	0.5	1	1	-1	0	0	0	0	0	0	G	1	G	1
8	1010	18	0.5	0.5	1	1	-1	0	0	0	0	0	0	G	1	G	1
8	1011	19	0.5	0.5	1	1	-1	0	0	0	0	0	0	A	1	A	1
8	1012	20	0.122222	0.160714	0.233611	0.291793	0.00323317	0.00323317	0	0	0	0	0	G	0.516667	T	0.540179
8	1013	21	0.5	0.5	1	1	-1	0	0	0	0	0	0	C	1	C	1
8	1014	22	0.5	0.5	1	1	-1	0	0	0	0	0	0	C	1	C	1
8	1015	23	0.0722222	0.0357143	0.16	0.0894651	0.00680445	0.00521056	0	0	0	1	1	C	0.4	A	0.366071
8	1016	24	0.0444444	0.0580357	0.0967901	0.127551	0.00137765	0.00268861	0	0	0	0	0	T	0.355556	G	0.357143
8	1017	25	0.0388889	0.0580357	0.0802778	0.0868144	0.00200849	0.00166241	0	0	0	0	0	T	0.377778	G	0.383929
8	1018	26	0.0388889	0.0491071	0.118642	0.094886	0.000754051	0.00121725	0	0	0	0	0	T	0.344444	C	0.348214
8	1019	27	0.5	0.5	1	1	-1	0	0	0	0	0	0	A	1	A	1
8	1020	28	0.172222	0.107143	0.321111	0.232462	0.00716134	0.00532678	0	0	1	1	1	G	0.566667	A	0.517857
8	1021	29	0.138889	0.111607	0.272716	0.241151	0.000970543	0.002724	0	0	0	0	0	T	0.522222	A	0.508929
8	1022	30	0.5	0.5	1	1	-1	0	0	0	0	0	0	A	1	A	1
8	1023	31	0.0333333	0.0625	0.0834568	0.127551	0.00271396	0.00298868	0	0	0	0	0	C	0.366667	G	0.357143
8	1024	32	0.0444444	0.0625	0.111111	0.112105	0.00380581	0.00343789	0	0	0	0	0	T	0.388889	C	0.348214
8	1025	33	0.5	0.5	1	1	-1	0	0	0	0	0	0	C	1	C	1
8	1026	34	0.0666667	0.0803571	0.118642	0.118164	0.000114895	0.000974364	0	0	0	0	0	T	0.344444	C	0.357143
8	1027	35	0.1	0.120536	0.2025	0.254484	0.00297252	0.00216318	0	0	0	0	0	A	0.55	G	0.504464
8	1028	36	0.5	0.5	1	1	-1	0	0	0	0	0	0	T	1	T	1
8	1029	37	0.5	0.5	1	1	-1	0	0	0	0	0	0	C	1	C	1
8	1030	38	0.0777778	0.0491071	0.114846	0.100466	0.00228671	0.0017571	0	0	0	0	0	G	0.344444	T	0.379464
8	1031	39	0.127778	0.151786	0.233611	0.245556	0.000148965	0.00193268	0	0	0	0	0	G	0.516667	G	0.504464
8	1032	40	0.0888889	0.0625	0.164475	0.103316	0.00609077	0.00432612	0	0	0	0	1	G	0.405556	C	0.361607
8	1033	41	0.5	0.5	1	1	-1	0	0	0	0	0	0	C	1	C	1
8	1034	42	0.0611111	0.0535714	0.1225	0.0921556	0.00172485	0.00137573	0	0	0	0	0	A	0.355556	A	0.352679
8	1035	43	0.05	0.0535714	0.12642	0.115115	0.000224296	0.000751868	0	0	0	0	0	G	0.355556	G	0.339286
8	1036	44	0.0388889	0.0714286	0.09	0.109136	0.00101531	0.00111715	0	0	0	0	0	G	0.355556	G	0.366071
8	1037	45	0.155556	0.107143	0.290401	0.241151	0.00228856	0.00164119	0	0	0	0	0	A	0.538889	T	0.508929
8	1038	46	0.05	0.0625	0.130401	0.118164	0.000170145	0.00285419	0	0	0	0	0	C	0.361111	A	0.352679
8	1039	47	0.0888889	0.125	0.187778	0.28699	0.0104919	0.00589398	0	0	1	1	1	G	0.566667	T	0.535714
8	1040	48	0.0388889	0.0625	0.107438	0.118164	0.000145537	0.00394693	0	0	0	0	0	A	0.344444	C	0.34375
8	1041	49	0.127778	0.0982143	0.290401	0.20735	0.00697778	0.00584397	0	0	1	1	1	C	0.538889	G	0.544643
8	1042	50	0.0833333	0.0401786	0.169012	0.0842036	0.00839055	0.00785578	1	1	1	1	1	A	0.411111	G	0.357143
8	1043	51	0.5	0.5	1	1	-1	0	0	0	0	0	0	T	1	T	1
8	1044	52	0.5	0.5	1	1	-1	0	0	0	0	0	0	G	1	G	1
8	1045	53	0.5	0.5	1	1	-1	0	0	0	0	0	0	G	1	G	1
8	1046	54	0.5	0.5	1	1	-1	0	0	0	0	0	0	C	1	C	1
8	1047	55	0.0277778	0.0491071	0.100278	0.0976563	2.89979e-005	0.000720032	0	0	0	0	0	T	0.35	T	0.357143
8	1048	56	0.0611111	0.0580357	0.142716	0.100466	0.00238211	0.00179262	0	0	0	0	0	A	0.377778	T	0.34375
8	1049	57	0.0666667	0.0491071	0.114846	0.103316	0.00211156	0.00188608	0	0	0	0	0	A	0.338889	C	0.392857
8	1050	58	0.161111	0.133929	0.278549	0.245556	0.00104012	0.00110299	0	0	0	0	0	A	0.527778	T	0.504464
8	1051	59	0.144444	0.160714	0.29642	0.282227	0.000175097	0.00052251	0	0	0	0	0	A	0.544444	A	0.53125
8	1052	60	0.5	0.5	1	1	-1	0	0	0	0	0	0	T	1	T	1
8	1053	61	0.172222	0.120536	0.308642	0.236787	0.00476235	0.00459421	0	0	0	0	1	G	0.555556	T	0.513393
8	1054	62	0.5	0.5	1	1	-1	0	0	0	0	0	0	A	1	A	1
8	1055	63	0.05	0.0758929	0.103827	0.124382	0.00216284	0.00222481	0	0	0	0	0	G	0.361111	C	0.352679
8	1056	64	0.5	0.5	1	1	-1	0	0	0	0	0	0	C	1	C	1
8	1057	65	0.5	0.5	1	1	-1	0	0	0	0	0	0	A	1	A	1
8	1058	66	0.5	0.5	1	1	-1	0	0	0	0	0	0	G	1	G	1
8	1059	67	0.0833333	0.0357143	0.16	0.100466	0.00392083	0.00616596	0	1	1	1	1	T	0.4	G	0.357143
8	1060	68	0.0444444	0.0625	0.100278	0.124382	0.0120832	0.00812439	1	1	1	1	1	T	0.422222	G	0.366071
8	1061	69	0.122222	0.165179	0.255586	0.306441	0.00231361	0.00506156	0	0	0	1	1	G	0.505556	G	0.553571
8	1062	70	0.5	0.5	1	1	-1	0	0	0	0	0	0	T	1	T	1
8	1063	71	0.5	0.5	1	1	-1	0	0	0	0	0	0	T	1	T	1
8	1064	72	0.5	0.5	1	1	-1	0	0	0	0	0	0	C	1	C	1
8	1065	73	0.5	0.5	1	1	-1	0	0	0	0	0	0	G	1	G	1
8	1066	74	0.0666667	0.0848214	0.0967901	0.168686	0.00564815	0.00426671	0	0	0	0	1	T	0.377778	G	0.410714
8	1067	75	0.1	0.116071	0.222994	0.25	0.000772201	0.00215364	0	0	0	0	0	A	0.527778	G	0.5
8	1068	76	0.5	0.5	1	1	-1	0	0	0	0	0	0	T	1	T	1
8	1069	77	0.5	0.5	1	1	-1	0	0	0	0	0	0	C	1	C	1
8	1070	78	0.0666667	0.0267857	0.114846	0.0976563	0.00156766	0.00156748	0	0	0	0	0	A	0.338889	C	0.375
9	100	9	0.5	0.5	1	1	-1	0	0	0	0	0	0	A	1	A	1
9	101	10	0.122222	0.147321	0.222994	0.282227	0.00348432	0.00408182	0	0	0	0	1	G	0.527778	A	0.53125
9	102	11	0.161111	0.107143	0.321111	0.241151	0.00573375	0.00437044	0	0	0	0	1	T	0.566667	A	0.508929
9	103	12	0.0611111	0.0491071	0.114846	0.0921556	0.00180791	0.00292987	0	0	0	0	0	G	0.355556	C	0.361607
9	104	13	0.5	0.5	1	1	-1	0	0	0	0	0	0	G	1	G	1
9	105	14	0.5	0.5	1	1	-1	0	0	0	0	0	0	T	1	T	1
9	106	15	0.133333	0.107143	0.261235	0.236787	0.000600448	0.000637862	0	0	0	0	0	A	0.511111	G	0.513393
9	107	16	0.0666667	0.116071	0.182994	0.20735	0.000771153	0.000603579	0	0	0	0	0	T	0.572222	T	0.544643
9	108	17	0.0944444	0.0758929	0.222994	0.223932	9.87129e-007	0.000949054	0	0	0	0	0	T	0.527778	T	0.526786
9	109	18	0.0722222	0.0625	0.151235	0.100466	0.00354673	0.00247578	0	0	0	0	0	A	0.388889	C	0.370536
9	1010	19	0.5	0.5	1	1	-1	0	0	0	0	0	0	G	1	G	1
9	1011	20	0.144444	0.120536	0.239012	0.219727	0.000406304	0.000849515	0	0	0	0	0	C	0.511111	C	0.53125
9	1012	21	0.0388889	0.0446429	0.0933642	0.0921556	0.00152733	0.00210644	0	0	0	0	0	A	0.383333	T	0.357143
9	1013	22	0.0555556	0.0580357	0.0967901	0.154337	0.00533654	0.00349958	0	0	0	0	0	A	0.35	C	0.392857
9	1014	23	0.0555556	0.0401786	0.0933642	0.0816327	0.00103953	0.00240826	0	0	0	0	0	G	0.35	G	0.392857
9	1015	24	0.0444444	0.0803571	0.0933642	0.0894651	0.00312057	0.00211153	0	0	0	0	0	C	0.355556	A	0.40625
9	1016	25	0.0388889	0.0357143	0.100278	0.0842036	0.000423496	0.00142414	0	0	0	0	0	A	0.372222	A	0.379464
9	1017	26	0.0833333	0.0580357	0.146944	0.124382	0.00225177	0.00176452	0	0	0	0	0	C	0.383333	T	0.401786
9	1018	27	0.0611111	0.0714286	0.138549	0.127551	0.00188736	0.00155542	0	0	0	0	0	C	0.372222	C	0.357143
9	1019	28	0.127778	0.151786	0.272716	0.28699	0.000182649	0.000548478	0	0	0	0	0	T	0.522222	T	0.535714
9	1020	29	0.138889	0.116071	0.278549	0.27282	2.98467e-005	0.000104703	0	0	0	0	0	T	0.527778	T	0.522321
9	1021	30	0.5	0.5	1	1	-1	0	0	0	0	0	0	A	1	A	1
9	1022	31	0.5	0.5	1	1	-1	0	0	0	0	0	0	G	1	G	1
9	1023	32	0.0388889	0.0491071	0.100278	0.106206	0.00019615	0.000358653	0	0	0	0	0	T	0.361111	T	0.370536
9	1024	33	0.0555556	0.0535714	0.114846	0.103316	0.000394974	0.00168294	0	0	0	0	0	C	0.338889	T	0.348214
9	1025	34	0.161111	0.133929	0.321111	0.236787	0.00642777	0.00456788	0	0	0	0	1	C	0.566667	A	0.513393
9	1026	35	0.5	0.5	1	1	-1	0	0	0	0	0	0	A	1	A	1
9	1027	36	0.0555556	0.0491071	0.107438	0.0921556	0.000330196	0.00049407	0	0	0	0	0	A	0.35	A	0.361607
9	1028	37	0.5	0.5	1	1	-1	0	0	0	0	0	0	C	1	C	1
9	1029	38	0.0722222	0.0357143	0.12642	0.094886	0.00127133	0.00096801	0	0	0	0	0	C	0.355556	A	0.352679
9	1030	39	0.166667	0.111607	0.284444	0.268176	0.000240142	0.000532261	0	0	0	0	0	C	0.533333	C	0.517857
9	1031	40	0.5	0.5	1	1	-1	0	0	0	0	0	0	A	1	A	1
9	1032	41	0.5	0.5	1	1	-1	0	0	0	0	0	0	C	1	C	1
9	1033	42	0.5	0.5	1	1	-1	0	0	0	0	0	0	T	1	T	1
9	1034	43	0.5	0.5	1	1	-1	0	0	0	0	0	0	T	1	T	1
9	1035	44	0.0555556	0.0580357	0.111111	0.100466	0.000159034	0.0005297	0	0	0	0	0	A	0.338889	A	0.34375
9	1036	45	0.15	0.125	0.272716	0.236787	0.00126853	0.00157092	0	0	0	0	0	A	0.522222	G	0.513393
9	1037	46	0.1	0.142857	0.212623	0.27282	0.00374773	0.00299568	0	0	0	0	0	A	0.538889	C	0.522321
9	1038	47	0.5	0.5	1	1	-1	0	0	0	0	0	0	G	1	G	1
9	1039	48	0.5	0.5	1	1	-1	0	0	0	0	0	0	G	1	G	1
9	1040	49	0.133333	0.125	0.278549	0.215561	0.0040315	0.00306129	0	0	0	0	0	C	0.527778	A	0.535714
9	1041	50	0.127778	0.138393	0.261235	0.28699	0.000606646	0.00157697	0	0	0	0	0	A	0.511111	A	0.535714
9	1042	51	0.5	0.5	1	1	-1	0	0	0	0	0	0	A	1	A	1
9	1043	52	0.5	0.5	1	1	-1	0	0	0	0	0	0	C	1	C	1
9	1044	53	0.0444444	0.0357143	0.118642	0.0816327	0.00611836	0.00611706	0	1	1	1	1	C	0.388889	A	0.370536
9	1045	54	0.5	0.5	1	1	-1	0	0	0	0	0	0	C	1	C	1
9	1046	55	0.5	0.5	1	1	-1	0	0	0	0	0	0	C	1	C	1
9	1047	56	0.155556	0.0892857	0.3025	0.223932	0.00589923	0.00426317	0	0	0	0	1	C	0.55	A	0.526786
9	1048	57	0.105556	0.120536	0.239012	0.25	0.000123472	0.00173365	0	0	0	0	0	G	0.511111	T	0.5
9	1049	58	0.5	0.5	1	1	-1	0	0	0	0	0	0	C	1	C	1
9	1050	59	0.0555556	0.0625	0.107438	0.121253	0.000237083	0.00154929	0	0	0	0	0	T	0.338889	A	0.348214
9	1051	60	0.0388889	0.0892857	0.1225	0.168686	0.00496109	0.0031397	0	0	0	0	0	C	0.377778	A	0.410714
9	1052	61	0.0333333	0.0580357	0.0866975	0.0976563	0.00143669	0.00239218	0	0	0	0	0	A	0.361111	A	0.392857
9	1053	62	0.5	0.5	1	1	-1	0	0	0	0	0	0	A	1	A	1
9	1054	63	0.0611111	0.03125	0.114846	0.0921556	0.00208843	0.00205124	0	0	0	0	0	A	0.338889	T	0.388393
9	1055	64	0.5	0.5	1	1	-1	0	0	0	0	0	0	T	1	T	1
9	1056	65	0.0944444	0.09375	0.178272	0.20735	0.00111463	0.00111171	0	0	0	0	0	G	0.577778	G	0.544643
9	1057	66	0.5	0.5	1	1	-1	0	0	0	0	0	0	T	1	T	1
9	1058	67	0.0666667	0.0357143	0.118642	0.121253	1.56238e-005	0.000437864	0	0	0	0	0	T	0.366667	T	0.361607
9	1059	68	0.116667	0.09375	0.239012	0.219727	0.000406304	0.00408542	0	0	0	0	1	C	0.511111	C	0.53125
9	1060	69	0.1	0.169643	0.173611	0.301519	0.0175611	0.0101857	1	1	1	1	1	G	0.583333	T	0.549107
9	1061	70	0.127778	0.129464	0.278549	0.228177	0.00251001	0.00534478	0	0	1	1	1	A	0.527778	G	0.522321
9	1062	71	0.111111	0.116071	0.233611	0.263572	0.000903585	0.00140146	0	0	0	0	0	C	0.516667	T	0.513393
9	1063	72	0.1	0.125	0.233611	0.211436	0.000554602	0.000690766	0	0	0	0	0	A	0.516667	A	0.540179
9	1064	73	0.5	0.5	1	1	-1	0	0	0	0	0	0	A	1	A	1
9	1065	74	0.105556	0.133929	0.239012	0.268176	0.000839198	0.000667538	0	0	0	0	0	A	0.511111	G	0.517857
9	1066	75	0.111111	0.116071	0.217778	0.232462	0.000240142	0.000453964	0	0	0	0	0	T	0.533333	T	0.517857
9	1067	76	0.5	0.5	1	1	-1	0	0	0	0	0	0	A	1	A	1
9	1068	77	0.0888889	0.133929	0.2025	0.254484	0.00297252	0.00289314	0	0	0	0	0	G	0.55	T	0.504464
9	1069	78	0.5	0.5	1	1	-1	0	0	0	0	0	0	C	1	C	1
9	1070	79	0.0444444	0.0580357	0.107438	0.0976563	0.00231545	0.00199399	0	0	0	0	0	C	0.394444	C	0.348214
9	1071	80	0.0777778	0.0491071	0.155586	0.143993	0.00112035	0.0014592	0	0	0	0	0	G	0.394444	G	0.379464
