Chrom	Locus	Dist	ObsHetPop1	ObsHetPop2	ExpHetPop1	ExpHetPop2	Fst	WeightedFst	Sig99	Sig98	Sig95	Sig90	Sig80	MajAllele1	MajAllFreq1	MajAllele2	MajAllFreq2
0	100	0	0.5	0.5	1	1	-1	0	0	0	0	0	0	A	1	A	1
0	101	1	0.5	0.5	1	1	-1	0	0	0	0	0	0	C	1	C	1
0	102	2	0.0555556	0.0561224	0.09	0.116852	0.00311139	0.00228689	0	0	0	0	0	A	0.355556	A	0.387755
0	103	3	0.127778	0.132653	0.272716	0.276161	1.08355e-005	0.00191975	0	0	0	0	0	A	0.522222	A	0.52551
0	104	4	0.111111	0.137755	0.228272	0.303623	0.00536894	0.00408307	0	0	0	0	0	A	0.522222	T	0.55102
0	105	5	0.116667	0.0867347	0.233611	0.170788	0.00496259	0.00499024	0	0	0	0	1	T	0.516667	T	0.586735
0	106	6	0.5	0.5	1	1	-1	0	0	0	0	0	0	G	1	G	1
0	107	7	0.5	0.5	1	1	-1	0	0	0	0	0	0	T	1	T	1
0	108	8	0.0722222	0.0459184	0.103827	0.0787432	0.00120457	0.000981723	0	0	0	0	0	T	0.344444	T	0.382653
0	109	9	0.116667	0.112245	0.244475	0.26554	0.000435251	0.00065566	0	0	0	0	0	G	0.505556	C	0.515306
0	1010	10	0.0611111	0.0459184	0.111111	0.120367	0.0006643	0.000609816	0	0	0	0	0	C	0.355556	A	0.346939
0	1011	11	0.5	0.5	1	1	-1	0	0	0	0	0	0	C	1	C	1
0	1012	12	0.5	0.5	1	1	-1	0	0	0	0	0	0	G	1	G	1
0	1013	13	0.5	0.5	1	1	-1	0	0	0	0	0	0	C	1	C	1
0	1014	14	0.122222	0.163265	0.2025	0.298027	0.00920049	0.00904466	1	1	1	1	1	A	0.55	T	0.545918
0	1015	15	0.5	0.5	1	1	-1	0	0	0	0	0	0	C	1	C	1
0	1016	16	0.0444444	0.0408163	0.09	0.093711	0.00266437	0.00280859	0	0	0	0	0	G	0.388889	T	0.367347
0	1017	17	0.5	0.5	1	1	-1	0	0	0	0	0	0	T	1	T	1
0	1018	18	0.138889	0.127551	0.278549	0.230008	0.00232201	0.00344668	0	0	0	0	0	A	0.527778	G	0.520408
0	1019	19	0.1	0.0510204	0.155586	0.0845741	0.00633999	0.00518042	0	0	0	0	1	A	0.394444	C	0.382653
0	1020	20	0.5	0.5	1	1	-1	0	0	0	0	0	0	G	1	G	1
0	1021	21	0.0722222	0.0612245	0.146944	0.11339	0.00399285	0.00404841	0	0	0	0	0	G	0.383333	C	0.367347
0	1022	22	0.5	0.5	1	1	-1	0	0	0	0	0	0	C	1	C	1
0	1023	23	0.5	0.5	1	1	-1	0	0	0	0	0	0	C	1	C	1
0	1024	24	0.5	0.5	1	1	-1	0	0	0	0	0	0	C	1	C	1
0	1025	25	0.5	0.5	1	1	-1	0	0	0	0	0	0	A	1	A	1
0	1026	26	0.5	0.5	1	1	-1	0	0	0	0	0	0	T	1	T	1
0	1027	27	0.0944444	0.0255102	0.187778	0.0759059	0.0157355	0.0153764	1	1	1	1	1	C	0.433333	T	0.387755
0	1028	28	0.5	0.5	1	1	-1	0	0	0	0	0	0	C	1	C	1
0	1029	29	0.15	0.132653	0.255586	0.230008	0.000674263	0.00211757	0	0	0	0	0	G	0.505556	T	0.520408
0	1030	30	0.144444	0.163265	0.261235	0.338297	0.00501644	0.00310086	0	0	0	0	0	T	0.511111	T	0.581633
0	1031	31	0.1	0.153061	0.244475	0.270825	0.000674263	0.00188566	0	0	0	0	0	T	0.505556	G	0.520408
0	1032	32	0.5	0.5	1	1	-1	0	0	0	0	0	0	T	1	T	1
0	1033	33	0.144444	0.127551	0.3025	0.255128	0.00202197	0.00169808	0	0	0	0	0	T	0.55	T	0.505102
0	1034	34	0.0666667	0.0612245	0.111111	0.134944	0.000662384	0.00216257	0	0	0	0	0	G	0.35	C	0.367347
0	1035	35	0.0833333	0.0408163	0.155586	0.0845741	0.00619234	0.00372495	0	0	0	0	0	G	0.394444	A	0.392857
0	1036	36	0.133333	0.132653	0.25	0.276161	0.000651194	0.00221306	0	0	0	0	0	T	0.5	T	0.52551
0	1037	37	0.5	0.5	1	1	-1	0	0	0	0	0	0	G	1	G	1
0	1038	38	0.133333	0.158163	0.233611	0.292482	0.00330622	0.00266609	0	0	0	0	0	G	0.516667	C	0.540816
0	1039	39	0.0388889	0.0612245	0.111111	0.0968607	0.00116919	0.00194947	0	0	0	0	0	G	0.35	C	0.362245
0	1040	40	0.5	0.5	1	1	-1	0	0	0	0	0	0	A	1	A	1
0	1041	41	0.0555556	0.0918367	0.114846	0.166597	0.0119499	0.011691	1	1	1	1	1	C	0.405556	T	0.408163
0	1042	42	0.5	0.5	1	1	-1	0	0	0	0	0	0	C	1	C	1
0	1043	43	0.5	0.5	1	1	-1	0	0	0	0	0	0	T	1	T	1
0	1044	44	0.1	0.127551	0.2025	0.298027	0.00920049	0.00920113	1	1	1	1	1	A	0.55	G	0.545918
0	1045	45	0.5	0.5	1	1	-1	0	0	0	0	0	0	G	1	G	1
0	1046	46	0.5	0.5	1	1	-1	0	0	0	0	0	0	G	1	G	1
0	1047	47	0.0555556	0.0663265	0.1225	0.150354	0.000836807	0.00111107	0	0	0	0	0	T	0.35	T	0.387755
0	1048	48	0.133333	0.112245	0.278549	0.234928	0.00185651	0.00126497	0	0	0	0	0	C	0.527778	A	0.515306
0	1049	49	0.0555556	0.0612245	0.118642	0.106622	0.000196755	0.000669914	0	0	0	0	0	C	0.344444	G	0.346939
0	1050	50	0.5	0.5	1	1	-1	0	0	0	0	0	0	A	1	A	1
0	1051	51	0.5	0.5	1	1	-1	0	0	0	0	0	0	A	1	A	1
0	1052	52	0.116667	0.188776	0.233611	0.309272	0.00530652	0.00427718	0	0	0	0	0	C	0.516667	G	0.556122
0	1053	53	0.0555556	0.0459184	0.09	0.116852	0.00167581	0.00266614	0	0	0	0	0	C	0.377778	G	0.341837
0	1054	54	0.5	0.5	1	1	-1	0	0	0	0	0	0	G	1	G	1
0	1055	55	0.0833333	0.112245	0.178272	0.197027	0.000477515	0.000598296	0	0	0	0	0	T	0.577778	T	0.556122
0	1056	56	0.0611111	0.0612245	0.107438	0.123933	0.000650665	0.00129265	0	0	0	0	0	T	0.338889	C	0.352041
0	1057	57	0.111111	0.122449	0.207531	0.26554	0.00357316	0.00296747	0	0	0	0	0	A	0.544444	T	0.515306
0	1058	58	0.0666667	0.0561224	0.155586	0.100062	0.00385608	0.00383703	0	0	0	0	0	G	0.394444	C	0.357143
0	1059	59	0.0611111	0.0408163	0.111111	0.0906133	0.00377443	0.00548464	0	0	0	1	1	A	0.35	T	0.397959
0	1060	60	0.1	0.147959	0.187778	0.292482	0.0115603	0.00912839	1	1	1	1	1	A	0.566667	C	0.540816
0	1061	61	0.5	0.5	1	1	-1	0	0	0	0	0	0	T	1	T	1
0	1062	62	0.0777778	0.0816327	0.16	0.123933	0.00153964	0.00189798	0	0	0	0	0	G	0.4	G	0.352041
0	1063	63	0.0722222	0.0510204	0.138549	0.0968607	0.00219874	0.00201546	0	0	0	0	0	T	0.372222	A	0.352041
0	1064	64	0.166667	0.153061	0.3025	0.255128	0.00202197	0.00216019	0	0	0	0	0	G	0.55	G	0.505102
0	1065	65	0.5	0.5	1	1	-1	0	0	0	0	0	0	G	1	G	1
0	1066	66	0.05	0.0816327	0.0802778	0.146423	0.00781638	0.00642424	0	0	1	1	1	A	0.405556	C	0.382653
0	1067	67	0.138889	0.117347	0.29642	0.234928	0.00357316	0.00369062	0	0	0	0	0	A	0.544444	C	0.515306
0	1068	68	0.138889	0.117347	0.266944	0.270825	1.40181e-005	0.00114914	0	0	0	0	0	T	0.516667	T	0.520408
0	1069	69	0.144444	0.142857	0.255586	0.292482	0.001246	0.000772466	0	0	0	0	0	G	0.505556	G	0.540816
0	1070	70	0.0944444	0.112245	0.222994	0.234928	0.000155831	0.000456771	0	0	0	0	0	G	0.527778	G	0.515306
0	1071	71	0.5	0.5	1	1	-1	0	0	0	0	0	0	G	1	G	1
0	1072	72	0.138889	0.137755	0.25	0.230008	0.000416667	0.000513996	0	0	0	0	0	C	0.5	A	0.520408
0	1073	73	0.5	0.5	1	1	-1	0	0	0	0	0	0	G	1	G	1
0	1074	74	0.0666667	0.0510204	0.130401	0.10998	0.00485036	0.00357333	0	0	0	0	0	C	0.377778	T	0.352041
0	1075	75	0.0833333	0.0969388	0.207531	0.183673	0.000738053	0.00156215	0	0	0	0	0	A	0.544444	A	0.571429
0	1076	76	0.0722222	0.0663265	0.12642	0.138718	0.000334744	0.000837086	0	0	0	0	0	C	0.355556	C	0.372449
0	1077	77	0.0611111	0.0510204	0.114846	0.123933	0.00195891	0.00148623	0	0	0	0	0	A	0.377778	T	0.352041
0	1078	78	0.5	0.5	1	1	-1	0	0	0	0	0	0	C	1	C	1
1	100	1	0.5	0.5	1	1	-1	0	0	0	0	0	0	A	1	A	1
1	101	2	0.0777778	0.168367	0.207531	0.292482	0.00726949	0.00546944	0	0	0	0	1	C	0.544444	A	0.540816
1	102	3	0.0666667	0.0663265	0.138549	0.120367	0.00122078	0.00237802	0	0	0	0	0	C	0.372222	T	0.352041
1	103	4	0.0333333	0.0816327	0.0933642	0.103316	0.000536179	0.000753389	0	0	0	0	0	A	0.377778	A	0.346939
1	104	5	0.0944444	0.112245	0.244475	0.225141	0.000398573	0.00064764	0	0	0	0	0	T	0.505556	T	0.52551
1	105	6	0.133333	0.107143	0.255586	0.220325	0.00130893	0.00110027	0	0	0	0	0	C	0.505556	T	0.530612
1	106	7	0.133333	0.127551	0.244475	0.281549	0.00130893	0.00130606	0	0	0	0	0	A	0.505556	G	0.530612
1	107	8	0.5	0.5	1	1	-1	0	0	0	0	0	0	G	1	G	1
1	108	9	0.0555556	0.0408163	0.12642	0.10998	0.00205695	0.00208227	0	0	0	0	0	A	0.355556	G	0.387755
1	109	10	0.0611111	0.0306122	0.0933642	0.0875677	0.0022675	0.00191942	0	0	0	0	0	T	0.355556	C	0.397959
1	1010	11	0.0555556	0.0357143	0.09	0.0759059	0.000901734	0.00128251	0	0	0	0	0	A	0.372222	T	0.367347
1	1011	12	0.5	0.5	1	1	-1	0	0	0	0	0	0	T	1	T	1
1	1012	13	0.111111	0.107143	0.222994	0.234928	0.000155831	0.000840212	0	0	0	0	0	C	0.527778	C	0.515306
1	1013	14	0.138889	0.132653	0.255586	0.309272	0.00256678	0.0018564	0	0	0	0	0	A	0.505556	A	0.556122
1	1014	15	0.5	0.5	1	1	-1	0	0	0	0	0	0	T	1	T	1
1	1015	16	0.05	0.0459184	0.107438	0.093711	0.000305372	0.000359237	0	0	0	0	0	T	0.338889	T	0.357143
1	1016	17	0.5	0.5	1	1	-1	0	0	0	0	0	0	C	1	C	1
1	1017	18	0.5	0.5	1	1	-1	0	0	0	0	0	0	T	1	T	1
1	1018	19	0.5	0.5	1	1	-1	0	0	0	0	0	0	G	1	G	1
1	1019	20	0.5	0.5	1	1	-1	0	0	0	0	0	0	T	1	T	1
1	1020	21	0.0666667	0.0510204	0.12642	0.100062	0.0015281	0.00138257	0	0	0	0	0	C	0.372222	C	0.362245
1	1021	22	0.0444444	0.0612245	0.103827	0.123933	0.00101444	0.00115997	0	0	0	0	0	A	0.377778	T	0.352041
1	1022	23	0.5	0.5	1	1	-1	0	0	0	0	0	0	A	1	A	1
1	1023	24	0.5	0.5	1	1	-1	0	0	0	0	0	0	A	1	A	1
1	1024	25	0.0555556	0.0408163	0.151235	0.11339	0.00672151	0.006575	0	0	1	1	1	C	0.388889	G	0.397959
1	1025	26	0.5	0.5	1	1	-1	0	0	0	0	0	0	T	1	T	1
1	1026	27	0.0555556	0.0357143	0.1225	0.127551	0.000629681	0.000756944	0	0	0	0	0	C	0.35	C	0.357143
1	1027	28	0.5	0.5	1	1	-1	0	0	0	0	0	0	G	1	G	1
1	1028	29	0.111111	0.102041	0.228272	0.230008	3.2968e-006	0.000255613	0	0	0	0	0	T	0.522222	T	0.520408
1	1029	30	0.0611111	0.0663265	0.1225	0.0968607	0.000875225	0.000525509	0	0	0	0	0	G	0.35	C	0.352041
1	1030	31	0.0555556	0.0459184	0.103827	0.11339	0.000183438	0.000368765	0	0	0	0	0	G	0.35	G	0.352041
1	1031	32	0.127778	0.142857	0.266944	0.281549	0.000194915	0.000799067	0	0	0	0	0	C	0.516667	C	0.530612
1	1032	33	0.155556	0.122449	0.290401	0.234928	0.00293873	0.0020976	0	0	0	0	0	A	0.538889	T	0.515306
1	1033	34	0.5	0.5	1	1	-1	0	0	0	0	0	0	C	1	C	1
1	1034	35	0.0444444	0.0357143	0.0967901	0.0968607	0.000380629	0.000441558	0	0	0	0	0	G	0.35	G	0.372449
1	1035	36	0.5	0.5	1	1	-1	0	0	0	0	0	0	A	1	A	1
1	1036	37	0.5	0.5	1	1	-1	0	0	0	0	0	0	T	1	T	1
1	1037	38	0.5	0.5	1	1	-1	0	0	0	0	0	0	C	1	C	1
1	1038	39	0.0555556	0.0459184	0.1225	0.127551	0.000286691	0.000970778	0	0	0	0	0	C	0.35	C	0.357143
1	1039	40	0.0833333	0.0459184	0.142716	0.10998	0.00270125	0.00201716	0	0	0	0	0	A	0.377778	G	0.362245
1	1040	41	0.5	0.5	1	1	-1	0	0	0	0	0	0	C	1	C	1
1	1041	42	0.5	0.5	1	1	-1	0	0	0	0	0	0	G	1	G	1
1	1042	43	0.5	0.5	1	1	-1	0	0	0	0	0	0	T	1	T	1
1	1043	44	0.5	0.5	1	1	-1	0	0	0	0	0	0	C	1	C	1
1	1044	45	0.122222	0.127551	0.239012	0.215561	0.000606646	0.00188006	0	0	0	0	0	G	0.511111	G	0.535714
1	1045	46	0.133333	0.112245	0.278549	0.215561	0.0040315	0.00662335	0	0	1	1	1	A	0.527778	G	0.535714
1	1046	47	0.1	0.158163	0.182994	0.320726	0.0191964	0.0144308	1	1	1	1	1	A	0.572222	C	0.566327
1	1047	48	0.5	0.5	1	1	-1	0	0	0	0	0	0	C	1	C	1
1	1048	49	0.05	0.0612245	0.118642	0.127551	0.00145472	0.00188629	0	0	0	0	0	A	0.35	G	0.357143
1	1049	50	0.144444	0.153061	0.272716	0.314973	0.00153184	0.00290501	0	0	0	0	0	C	0.522222	C	0.561224
1	1050	51	0.1	0.112245	0.169012	0.25	0.00796416	0.00487009	0	0	0	0	1	A	0.588889	T	0.5
1	1051	52	0.138889	0.122449	0.290401	0.26554	0.000557785	0.00325916	0	0	0	0	0	G	0.538889	G	0.515306
1	1052	53	0.116667	0.158163	0.222994	0.298027	0.00543291	0.00415661	0	0	0	0	0	G	0.527778	T	0.545918
1	1053	54	0.172222	0.107143	0.3025	0.234928	0.00427003	0.0045309	0	0	0	0	0	T	0.55	A	0.515306
1	1054	55	0.0833333	0.117347	0.182994	0.244924	0.00453222	0.00447406	0	0	0	0	0	G	0.572222	G	0.505102
1	1055	56	0.5	0.5	1	1	-1	0	0	0	0	0	0	T	1	T	1
1	1056	57	0.5	0.5	1	1	-1	0	0	0	0	0	0	T	1	T	1
1	1057	58	0.5	0.5	1	1	-1	0	0	0	0	0	0	A	1	A	1
1	1058	59	0.5	0.5	1	1	-1	0	0	0	0	0	0	T	1	T	1
1	1059	60	0.0555556	0.0663265	0.142716	0.123933	0.000391644	0.000849982	0	0	0	0	0	T	0.377778	T	0.352041
1	1060	61	0.0277778	0.0561224	0.0771605	0.11339	0.0020094	0.001525	0	0	0	0	0	T	0.394444	T	0.357143
1	1061	62	0.5	0.5	1	1	-1	0	0	0	0	0	0	C	1	C	1
1	1062	63	0.133333	0.127551	0.239012	0.244924	3.61184e-005	0.00027113	0	0	0	0	0	C	0.511111	C	0.505102
1	1063	64	0.0388889	0.0255102	0.09	0.0968607	0.000515378	0.00125135	0	0	0	0	0	A	0.366667	T	0.352041
1	1064	65	0.0666667	0.0459184	0.164475	0.116852	0.00420089	0.00311154	0	0	0	0	0	G	0.405556	G	0.341837
1	1065	66	0.138889	0.0867347	0.266944	0.21085	0.00330622	0.00284203	0	0	0	0	0	G	0.516667	C	0.540816
1	1066	67	0.116667	0.102041	0.261235	0.2399	0.000454338	0.0013544	0	0	0	0	0	G	0.511111	A	0.510204
1	1067	68	0.5	0.5	1	1	-1	0	0	0	0	0	0	T	1	T	1
1	1068	69	0.0444444	0.0765306	0.0834568	0.134944	0.00377634	0.00362412	0	0	0	0	0	A	0.355556	G	0.367347
1	1069	70	0.5	0.5	1	1	-1	0	0	0	0	0	0	G	1	G	1
1	1070	71	0.122222	0.107143	0.228272	0.20619	0.000564127	0.00055854	0	0	0	0	0	C	0.522222	C	0.545918
1	1071	72	0.1	0.112245	0.212623	0.230008	0.000342742	0.000450218	0	0	0	0	0	A	0.538889	A	0.520408
1	1072	73	0.05	0.0459184	0.100278	0.10998	0.000605052	0.000527758	0	0	0	0	0	C	0.4	C	0.367347
1	1073	74	0.05	0.0255102	0.0834568	0.0677062	0.000468707	0.00067277	0	0	0	0	0	G	0.366667	G	0.382653
1	1074	75	0.105556	0.0867347	0.25	0.215561	0.00127714	0.00104036	0	0	0	0	0	C	0.5	T	0.535714
2	100	2	0.138889	0.127551	0.272716	0.234928	0.00140844	0.00138437	0	0	0	0	0	T	0.522222	G	0.515306
2	101	3	0.5	0.5	1	1	-1	0	0	0	0	0	0	G	1	G	1
2	102	4	0.122222	0.127551	0.255586	0.276161	0.000398573	0.000463625	0	0	0	0	0	A	0.505556	A	0.52551
2	103	5	0.5	0.5	1	1	-1	0	0	0	0	0	0	C	1	C	1
2	104	6	0.0444444	0.0969388	0.111111	0.138718	0.00218243	0.00189192	0	0	0	0	0	T	0.377778	G	0.372449
2	105	7	0.05	0.0612245	0.0967901	0.0906133	0.00132005	0.00137929	0	0	0	0	0	A	0.377778	T	0.357143
2	106	8	0.138889	0.127551	0.272716	0.244924	0.000746834	0.00095096	0	0	0	0	0	A	0.522222	T	0.505102
2	107	9	0.15	0.117347	0.272716	0.2399	0.00105162	0.00091475	0	0	0	0	0	A	0.522222	G	0.510204
2	108	10	0.111111	0.107143	0.233611	0.255128	0.00047394	0.00158619	0	0	0	0	0	G	0.516667	T	0.505102
2	109	11	0.194444	0.142857	0.34679	0.270825	0.00474631	0.00392352	0	0	0	0	0	G	0.588889	G	0.520408
2	1010	12	0.0666667	0.0510204	0.138549	0.0968607	0.00547109	0.0050997	0	0	0	0	1	A	0.383333	A	0.346939
2	1011	13	0.5	0.5	1	1	-1	0	0	0	0	0	0	T	1	T	1
2	1012	14	0.1	0.153061	0.233611	0.25	0.000277855	0.000395503	0	0	0	0	0	G	0.516667	A	0.5
2	1013	15	0.5	0.5	1	1	-1	0	0	0	0	0	0	G	1	G	1
2	1014	16	0.138889	0.112245	0.255586	0.26554	9.51149e-005	9.3448e-005	0	0	0	0	0	G	0.505556	G	0.515306
2	1015	17	0.05	0.0408163	0.107438	0.100062	7.78388e-005	8.27958e-005	0	0	0	0	0	G	0.338889	G	0.346939
2	1016	18	0.5	0.5	1	1	-1	0	0	0	0	0	0	G	1	G	1
2	1017	19	0.05	0.0561224	0.107438	0.103316	8.44789e-005	0.000257289	0	0	0	0	0	T	0.35	T	0.362245
2	1018	20	0.5	0.5	1	1	-1	0	0	0	0	0	0	T	1	T	1
2	1019	21	0.0388889	0.0612245	0.0741049	0.150354	0.00751418	0.00733706	0	1	1	1	1	G	0.366667	T	0.387755
2	1020	22	0.5	0.5	1	1	-1	0	0	0	0	0	0	G	1	G	1
2	1021	23	0.5	0.5	1	1	-1	0	0	0	0	0	0	A	1	A	1
2	1022	24	0.127778	0.0918367	0.233611	0.179326	0.00361509	0.00335187	0	0	0	0	0	G	0.516667	G	0.576531
2	1023	25	0.0666667	0.0663265	0.111111	0.120367	0.00286941	0.00245398	0	0	0	0	0	G	0.388889	A	0.346939
2	1024	26	0.0611111	0.0561224	0.107438	0.123933	0.000343244	0.00104028	0	0	0	0	0	C	0.35	A	0.352041
2	1025	27	0.0555556	0.0612245	0.118642	0.127551	0.000815317	0.000719686	0	0	0	0	0	C	0.344444	C	0.357143
2	1026	28	0.5	0.5	1	1	-1	0	0	0	0	0	0	A	1	A	1
2	1027	29	0.5	0.5	1	1	-1	0	0	0	0	0	0	G	1	G	1
2	1028	30	0.15	0.122449	0.290401	0.255128	0.00114376	0.00169204	0	0	0	0	0	C	0.538889	C	0.505102
2	1029	31	0.05	0.0561224	0.107438	0.10998	0.00314165	0.00213059	0	0	0	0	0	A	0.377778	G	0.357143
2	1030	32	0.0444444	0.0357143	0.0933642	0.100062	0.000685662	0.00109784	0	0	0	0	0	A	0.355556	C	0.362245
2	1031	33	0.0555556	0.0663265	0.130401	0.138718	9.38411e-005	0.000308092	0	0	0	0	0	C	0.361111	C	0.372449
2	1032	34	0.5	0.5	1	1	-1	0	0	0	0	0	0	G	1	G	1
2	1033	35	0.155556	0.153061	0.3025	0.314973	0.000127567	0.000713877	0	0	0	0	0	C	0.55	C	0.561224
2	1034	36	0.0666667	0.0510204	0.118642	0.0875677	0.00223533	0.0016379	0	0	0	0	0	G	0.377778	G	0.367347
2	1035	37	0.5	0.5	1	1	-1	0	0	0	0	0	0	C	1	C	1
2	1036	38	0.5	0.5	1	1	-1	0	0	0	0	0	0	C	1	C	1
2	1037	39	0.0833333	0.132653	0.212623	0.270825	0.00351734	0.00347456	0	0	0	0	0	G	0.538889	A	0.520408
2	1038	40	0.5	0.5	1	1	-1	0	0	0	0	0	0	T	1	T	1
2	1039	41	0.05	0.0510204	0.111111	0.106622	0.00173488	0.00136606	0	0	0	0	0	A	0.355556	T	0.362245
2	1040	42	0.0333333	0.0357143	0.0967901	0.10998	0.00029805	0.000853299	0	0	0	0	0	C	0.361111	C	0.341837
2	1041	43	0.0555556	0.0459184	0.107438	0.123933	0.00140052	0.000965873	0	0	0	0	0	C	0.361111	T	0.352041
2	1042	44	0.122222	0.117347	0.244475	0.26554	0.000435251	0.000935268	0	0	0	0	0	C	0.505556	T	0.515306
2	1043	45	0.0555556	0.0561224	0.107438	0.142545	0.00179865	0.00122042	0	0	0	0	0	G	0.338889	C	0.377551
2	1044	46	0.0666667	0.0816327	0.0967901	0.116852	0.000532315	0.00108879	0	0	0	0	0	T	0.366667	T	0.352041
2	1045	47	0.5	0.5	1	1	-1	0	0	0	0	0	0	C	1	C	1
2	1046	48	0.0666667	0.0459184	0.09	0.0845741	0.0130348	0.0108292	1	1	1	1	1	C	0.427778	A	0.408163
2	1047	49	0.138889	0.0867347	0.25	0.179326	0.00589144	0.00785122	1	1	1	1	1	T	0.5	C	0.576531
2	1048	50	0.5	0.5	1	1	-1	0	0	0	0	0	0	A	1	A	1
2	1049	51	0.0833333	0.0510204	0.151235	0.103316	0.00426183	0.0042822	0	0	0	0	0	T	0.388889	A	0.341837
2	1050	52	0.5	0.5	1	1	-1	0	0	0	0	0	0	G	1	G	1
2	1051	53	0.0611111	0.0714286	0.0967901	0.10998	0.00342261	0.00336486	0	0	0	0	0	C	0.361111	A	0.382653
2	1052	54	0.5	0.5	1	1	-1	0	0	0	0	0	0	T	1	T	1
2	1053	55	0.172222	0.147959	0.314846	0.303623	0.000103119	0.000216406	0	0	0	0	0	G	0.561111	G	0.55102
2	1054	56	0.5	0.5	1	1	-1	0	0	0	0	0	0	G	1	G	1
2	1055	57	0.0722222	0.0867347	0.134444	0.162458	0.00164884	0.00161199	0	0	0	0	0	G	0.366667	G	0.403061
2	1056	58	0.5	0.5	1	1	-1	0	0	0	0	0	0	T	1	T	1
2	1057	59	0.5	0.5	1	1	-1	0	0	0	0	0	0	C	1	C	1
2	1058	60	0.122222	0.117347	0.266944	0.260308	4.17952e-005	0.00129907	0	0	0	0	0	A	0.516667	A	0.510204
2	1059	61	0.0555556	0.0714286	0.0834568	0.134944	0.0044237	0.00294002	0	0	0	0	0	G	0.355556	T	0.367347
2	1060	62	0.0666667	0.0255102	0.138549	0.0968607	0.00219874	0.00241524	0	0	0	0	0	A	0.372222	G	0.352041
2	1061	63	0.0833333	0.0765306	0.155586	0.138718	0.00110104	0.00144743	0	0	0	0	0	T	0.394444	T	0.372449
2	1062	64	0.5	0.5	1	1	-1	0	0	0	0	0	0	T	1	T	1
2	1063	65	0.0444444	0.0510204	0.0866975	0.103316	0.000506829	0.000787857	0	0	0	0	0	C	0.366667	C	0.341837
2	1064	66	0.05	0.0612245	0.100278	0.134944	0.00151006	0.00101703	0	0	0	0	0	T	0.361111	C	0.367347
2	1065	67	0.122222	0.102041	0.266944	0.25	0.000277855	0.000717835	0	0	0	0	0	T	0.516667	T	0.5
2	1066	68	0.138889	0.117347	0.272716	0.2399	0.00105162	0.000843998	0	0	0	0	0	C	0.522222	A	0.510204
2	1067	69	0.5	0.5	1	1	-1	0	0	0	0	0	0	G	1	G	1
3	100	3	0.5	0.5	1	1	-1	0	0	0	0	0	0	A	1	A	1
3	101	4	0.5	0.5	1	1	-1	0	0	0	0	0	0	T	1	T	1
3	102	5	0.144444	0.107143	0.284444	0.244924	0.00147846	0.00156042	0	0	0	0	0	T	0.533333	G	0.505102
3	103	6	0.0777778	0.0459184	0.12642	0.146423	0.00165025	0.00201745	0	0	0	0	0	C	0.355556	C	0.382653
3	104	7	0.0777778	0.132653	0.217778	0.276161	0.00346277	0.00280606	0	0	0	0	0	C	0.533333	A	0.52551
3	105	8	0.0555556	0.0357143	0.111111	0.0731206	0.00238267	0.00265562	0	0	0	0	0	C	0.35	C	0.367347
3	106	9	0.5	0.5	1	1	-1	0	0	0	0	0	0	G	1	G	1
3	107	10	0.0388889	0.0510204	0.107438	0.142545	0.00178367	0.00131176	0	0	0	0	0	A	0.338889	T	0.377551
3	108	11	0.138889	0.117347	0.25	0.255128	2.60315e-005	0.000785806	0	0	0	0	0	C	0.5	C	0.505102
3	109	12	0.0666667	0.0663265	0.107438	0.123933	0.00170892	0.001234	0	0	0	0	0	G	0.361111	T	0.352041
3	1010	13	0.5	0.5	1	1	-1	0	0	0	0	0	0	A	1	A	1
3	1011	14	0.0777778	0.0612245	0.134444	0.123933	0.000791058	0.00134657	0	0	0	0	0	C	0.366667	C	0.352041
3	1012	15	0.0388889	0.0255102	0.100278	0.0968607	0.00276213	0.00188097	0	0	0	0	0	G	0.394444	T	0.352041
3	1013	16	0.0555556	0.0357143	0.118642	0.093711	0.000829794	0.00119937	0	0	0	0	0	T	0.35	T	0.367347
3	1014	17	0.0611111	0.0561224	0.111111	0.103316	0.000460025	0.00124577	0	0	0	0	0	T	0.338889	T	0.367347
3	1015	18	0.0444444	0.0510204	0.103827	0.10998	0.00341217	0.00276951	0	0	0	0	0	C	0.377778	T	0.362245
3	1016	19	0.138889	0.132653	0.29642	0.234928	0.00357316	0.00344767	0	0	0	0	0	G	0.544444	T	0.515306
3	1017	20	0.5	0.5	1	1	-1	0	0	0	0	0	0	T	1	T	1
3	1018	21	0.1	0.117347	0.217778	0.260308	0.00189652	0.00194282	0	0	0	0	0	G	0.533333	C	0.510204
3	1019	22	0.5	0.5	1	1	-1	0	0	0	0	0	0	C	1	C	1
3	1020	23	0.105556	0.158163	0.239012	0.28699	0.00219395	0.00219453	0	0	0	0	0	G	0.511111	A	0.535714
3	1021	24	0.5	0.5	1	1	-1	0	0	0	0	0	0	G	1	G	1
3	1022	25	0.0666667	0.0663265	0.0967901	0.142545	0.00251639	0.00253349	0	0	0	0	0	A	0.361111	T	0.377551
3	1023	26	0.5	0.5	1	1	-1	0	0	0	0	0	0	T	1	T	1
3	1024	27	0.166667	0.132653	0.29642	0.234928	0.00357316	0.00257467	0	0	0	0	0	C	0.544444	T	0.515306
3	1025	28	0.155556	0.137755	0.290401	0.303623	0.000148373	0.00109758	0	0	0	0	0	A	0.538889	A	0.55102
3	1026	29	0.116667	0.142857	0.233611	0.26554	0.00102226	0.00080893	0	0	0	0	0	A	0.516667	G	0.515306
3	1027	30	0.5	0.5	1	1	-1	0	0	0	0	0	0	C	1	C	1
3	1028	31	0.127778	0.142857	0.266944	0.26554	1.85297e-006	0.000283506	0	0	0	0	0	C	0.516667	C	0.515306
3	1029	32	0.5	0.5	1	1	-1	0	0	0	0	0	0	G	1	G	1
3	1030	33	0.15	0.0663265	0.290401	0.188073	0.0110786	0.00802371	1	1	1	1	1	T	0.538889	A	0.566327
3	1031	34	0.05	0.0612245	0.107438	0.0845741	0.00128467	0.00313022	0	0	0	0	0	G	0.344444	T	0.372449
3	1032	35	0.05	0.0714286	0.111111	0.116852	4.17751e-005	0.000509092	0	0	0	0	0	G	0.35	G	0.346939
3	1033	36	0.122222	0.107143	0.217778	0.225141	6.1414e-005	0.000905867	0	0	0	0	0	A	0.533333	A	0.52551
3	1034	37	0.0277778	0.0765306	0.0967901	0.154337	0.0037667	0.00267382	0	0	0	0	0	T	0.344444	A	0.392857
3	1035	38	0.0777778	0.0510204	0.151235	0.103316	0.0026851	0.00289265	0	0	0	0	0	T	0.388889	A	0.352041
3	1036	39	0.5	0.5	1	1	-1	0	0	0	0	0	0	T	1	T	1
3	1037	40	0.0388889	0.0612245	0.100278	0.106622	0.00010133	0.000163757	0	0	0	0	0	A	0.344444	G	0.341837
3	1038	41	0.5	0.5	1	1	-1	0	0	0	0	0	0	G	1	G	1
3	1039	42	0.5	0.5	1	1	-1	0	0	0	0	0	0	G	1	G	1
3	1040	43	0.15	0.122449	0.266944	0.255128	0.000133804	0.000113811	0	0	0	0	0	T	0.516667	T	0.505102
3	1041	44	0.116667	0.0969388	0.222994	0.215561	6.32431e-005	0.000143268	0	0	0	0	0	A	0.527778	A	0.535714
3	1042	45	0.5	0.5	1	1	-1	0	0	0	0	0	0	C	1	C	1
3	1043	46	0.1	0.158163	0.207531	0.26554	0.00357316	0.00290682	0	0	0	0	0	G	0.544444	C	0.515306
3	1044	47	0.0555556	0.0357143	0.111111	0.0816327	0.00149809	0.00190215	0	0	0	0	0	A	0.355556	A	0.362245
3	1045	48	0.0888889	0.0663265	0.151235	0.127551	0.00129568	0.00134041	0	0	0	0	0	A	0.388889	A	0.357143
3	1046	49	0.0555556	0.0714286	0.134444	0.106622	0.00123312	0.00107804	0	0	0	0	0	C	0.366667	A	0.352041
3	1047	50	0.111111	0.112245	0.261235	0.25	0.000123472	0.00171339	0	0	0	0	0	C	0.511111	C	0.5
3	1048	51	0.133333	0.112245	0.278549	0.201583	0.00621251	0.00391413	0	0	0	0	0	C	0.527778	T	0.55102
3	1049	52	0.05	0.0357143	0.09	0.0875677	0.0021819	0.00294104	0	0	0	0	0	G	0.383333	A	0.372449
3	1050	53	0.0722222	0.0612245	0.111111	0.138718	0.00190831	0.00177166	0	0	0	0	0	C	0.383333	T	0.372449
3	1051	54	0.0611111	0.0714286	0.12642	0.106622	0.00062086	0.00158776	0	0	0	0	0	C	0.355556	A	0.367347
3	1052	55	0.0722222	0.0255102	0.107438	0.0875677	0.00373861	0.00230731	0	0	0	0	0	G	0.35	A	0.403061
3	1053	56	0.122222	0.127551	0.217778	0.2399	0.000535978	0.00113366	0	0	0	0	0	T	0.533333	T	0.510204
3	1054	57	0.0388889	0.0510204	0.114846	0.116852	7.1811e-005	0.000271062	0	0	0	0	0	T	0.383333	T	0.372449
3	1055	58	0.5	0.5	1	1	-1	0	0	0	0	0	0	G	1	G	1
3	1056	59	0.0722222	0.0459184	0.12642	0.10998	0.000670578	0.000487369	0	0	0	0	0	T	0.366667	T	0.357143
3	1057	60	0.0611111	0.0765306	0.130401	0.131221	4.95663e-005	0.000252379	0	0	0	0	0	G	0.361111	G	0.362245
3	1058	61	0.5	0.5	1	1	-1	0	0	0	0	0	0	C	1	C	1
3	1059	62	0.05	0.0816327	0.103827	0.142545	0.00178923	0.00234757	0	0	0	0	0	T	0.35	G	0.377551
3	1060	63	0.05	0.0765306	0.09	0.146423	0.00404093	0.0026483	0	0	0	0	0	G	0.377778	C	0.382653
3	1061	64	0.0944444	0.137755	0.244475	0.255128	0.000113584	0.00107973	0	0	0	0	0	C	0.505556	A	0.505102
3	1062	65	0.133333	0.0969388	0.233611	0.21085	0.00058514	0.000550556	0	0	0	0	0	C	0.516667	C	0.540816
3	1063	66	0.05	0.0612245	0.107438	0.106622	3.5009e-006	0.00269046	0	0	0	0	0	A	0.344444	A	0.346939
3	1064	67	0.144444	0.0969388	0.321111	0.21085	0.0115603	0.00754547	0	1	1	1	1	G	0.566667	T	0.540816
3	1065	68	0.0444444	0.0459184	0.111111	0.0906133	0.00577904	0.00588792	0	0	0	1	1	A	0.383333	G	0.382653
3	1066	69	0.0722222	0.0408163	0.111111	0.103316	0.000857622	0.00241167	0	0	0	0	0	C	0.383333	C	0.357143
4	100	4	0.161111	0.122449	0.3025	0.255128	0.00202197	0.00337196	0	0	0	0	0	G	0.55	G	0.505102
4	101	5	0.0555556	0.0612245	0.142716	0.106622	0.00699413	0.00440234	0	0	0	0	0	A	0.377778	G	0.372449
4	102	6	0.133333	0.147959	0.261235	0.26554	1.76104e-005	0.0032266	0	0	0	0	0	A	0.511111	A	0.515306
4	103	7	0.138889	0.102041	0.266944	0.183673	0.00778411	0.00456396	0	0	0	0	0	T	0.516667	C	0.571429
4	104	8	0.0444444	0.0510204	0.0866975	0.10998	0.00107187	0.00235638	0	0	0	0	0	T	0.361111	T	0.362245
4	105	9	0.0722222	0.0612245	0.118642	0.120367	0.000421684	0.000723997	0	0	0	0	0	T	0.366667	A	0.346939
4	106	10	0.0722222	0.0561224	0.142716	0.142545	0.000705233	0.000645395	0	0	0	0	0	C	0.377778	C	0.377551
4	107	11	0.138889	0.107143	0.266944	0.2399	0.000722067	0.000602752	0	0	0	0	0	C	0.516667	T	0.510204
4	108	12	0.0722222	0.0459184	0.130401	0.134944	7.9973e-005	0.000798176	0	0	0	0	0	G	0.361111	G	0.367347
4	109	13	0.05	0.0459184	0.0967901	0.093711	0.00269702	0.00193414	0	0	0	0	0	A	0.388889	G	0.362245
4	1010	14	0.5	0.5	1	1	-1	0	0	0	0	0	0	T	1	T	1
4	1011	15	0.5	0.5	1	1	-1	0	0	0	0	0	0	G	1	G	1
4	1012	16	0.0555556	0.0612245	0.0771605	0.093711	0.000785284	0.000785735	0	0	0	0	0	C	0.427778	C	0.392857
4	1013	17	0.5	0.5	1	1	-1	0	0	0	0	0	0	A	1	A	1
4	1014	18	0.5	0.5	1	1	-1	0	0	0	0	0	0	C	1	C	1
4	1015	19	0.116667	0.127551	0.25	0.25	0	0.000739132	0	0	0	0	0	A	0.5	A	0.5
4	1016	20	0.05	0.0357143	0.0802778	0.10998	0.00260882	0.00189631	0	0	0	0	0	A	0.366667	G	0.367347
4	1017	21	0.5	0.5	1	1	-1	0	0	0	0	0	0	G	1	G	1
4	1018	22	0.05	0.0612245	0.0933642	0.103316	0.00341699	0.00288502	0	0	0	0	0	G	0.405556	T	0.346939
4	1019	23	0.0888889	0.0714286	0.155586	0.116852	0.00173258	0.00173562	0	0	0	0	0	T	0.394444	C	0.346939
4	1020	24	0.0888889	0.112245	0.217778	0.225141	6.1414e-005	0.000580885	0	0	0	0	0	T	0.533333	T	0.52551
4	1021	25	0.5	0.5	1	1	-1	0	0	0	0	0	0	T	1	T	1
4	1022	26	0.0333333	0.0714286	0.100278	0.100062	0.00037299	0.00121116	0	0	0	0	0	A	0.35	A	0.372449
4	1023	27	0.0333333	0.0357143	0.103827	0.0875677	0.00311542	0.00307286	0	0	0	0	0	C	0.388889	T	0.362245
4	1024	28	0.166667	0.107143	0.314846	0.234928	0.00585187	0.00392468	0	0	0	0	0	T	0.561111	C	0.515306
4	1025	29	0.111111	0.122449	0.266944	0.276161	7.83475e-005	0.00174212	0	0	0	0	0	G	0.516667	G	0.52551
4	1026	30	0.5	0.5	1	1	-1	0	0	0	0	0	0	T	1	T	1
4	1027	31	0.0555556	0.0510204	0.142716	0.103316	0.00198326	0.00141046	0	0	0	0	0	T	0.377778	C	0.362245
4	1028	32	0.0666667	0.0663265	0.12642	0.123933	4.11452e-005	0.000651452	0	0	0	0	0	G	0.355556	G	0.352041
4	1029	33	0.5	0.5	1	1	-1	0	0	0	0	0	0	G	1	G	1
4	1030	34	0.116667	0.137755	0.217778	0.281549	0.00408907	0.00297861	0	0	0	0	0	C	0.533333	T	0.530612
4	1031	35	0.0333333	0.0561224	0.12642	0.134944	0.000351666	0.00146506	0	0	0	0	0	A	0.355556	A	0.367347
4	1032	36	0.5	0.5	1	1	-1	0	0	0	0	0	0	T	1	T	1
4	1033	37	0.0611111	0.0459184	0.134444	0.0787432	0.00459369	0.00341679	0	0	0	0	0	A	0.366667	C	0.372449
4	1034	38	0.116667	0.0918367	0.244475	0.220325	0.00062866	0.00175179	0	0	0	0	0	A	0.505556	A	0.530612
4	1035	39	0.5	0.5	1	1	-1	0	0	0	0	0	0	C	1	C	1
4	1036	40	0.5	0.5	1	1	-1	0	0	0	0	0	0	T	1	T	1
4	1037	41	0.5	0.5	1	1	-1	0	0	0	0	0	0	A	1	A	1
4	1038	42	0.0388889	0.0663265	0.103827	0.162458	0.00427727	0.0033617	0	0	0	0	0	A	0.338889	C	0.403061
4	1039	43	0.0444444	0.0714286	0.111111	0.131221	0.000496937	0.0039478	0	0	0	0	0	C	0.372222	A	0.362245
4	1040	44	0.183333	0.127551	0.36	0.2399	0.0122437	0.00812819	1	1	1	1	1	G	0.6	T	0.510204
4	1041	45	0.0333333	0.0612245	0.0653086	0.120367	0.00563118	0.00731632	0	1	1	1	1	A	0.422222	G	0.346939
4	1042	46	0.0722222	0.0765306	0.138549	0.134944	0.00741022	0.0058431	0	0	0	1	1	A	0.372222	A	0.367347
4	1043	47	0.0777778	0.0765306	0.142716	0.123933	0.00188709	0.00333858	0	0	0	0	0	G	0.388889	G	0.357143
4	1044	48	0.1	0.102041	0.272716	0.220325	0.00279168	0.00293139	0	0	0	0	0	C	0.522222	G	0.530612
4	1045	49	0.5	0.5	1	1	-1	0	0	0	0	0	0	C	1	C	1
4	1046	50	0.0888889	0.147959	0.169012	0.309272	0.0210509	0.0163397	1	1	1	1	1	G	0.588889	C	0.556122
4	1047	51	0.155556	0.0969388	0.266944	0.192524	0.0060791	0.00864579	1	1	1	1	1	C	0.516667	T	0.561224
4	1048	52	0.05	0.0612245	0.118642	0.120367	0.00320616	0.00360236	0	0	0	0	0	T	0.377778	C	0.346939
4	1049	53	0.0444444	0.0612245	0.118642	0.131221	0.00104988	0.00171362	0	0	0	0	0	T	0.344444	T	0.362245
4	1050	54	0.5	0.5	1	1	-1	0	0	0	0	0	0	G	1	G	1
4	1051	55	0.127778	0.102041	0.212623	0.225141	0.000179735	0.000791608	0	0	0	0	0	G	0.538889	G	0.52551
4	1052	56	0.1	0.142857	0.222994	0.270825	0.00232201	0.00171495	0	0	0	0	0	C	0.527778	A	0.520408
4	1053	57	0.5	0.5	1	1	-1	0	0	0	0	0	0	A	1	A	1
4	1054	58	0.5	0.5	1	1	-1	0	0	0	0	0	0	A	1	A	1
4	1055	59	0.0888889	0.132653	0.207531	0.281549	0.00563458	0.00455341	0	0	0	0	0	G	0.544444	A	0.530612
4	1056	60	0.177778	0.147959	0.29642	0.344258	0.00181978	0.00288401	0	0	0	0	0	T	0.544444	T	0.586735
4	1057	61	0.5	0.5	1	1	-1	0	0	0	0	0	0	T	1	T	1
4	1058	62	0.111111	0.122449	0.212623	0.255128	0.00193741	0.0019455	0	0	0	0	0	C	0.538889	A	0.505102
4	1059	63	0.5	0.5	1	1	-1	0	0	0	0	0	0	T	1	T	1
4	1060	64	0.127778	0.137755	0.284444	0.234928	0.00236657	0.00276058	0	0	0	0	0	A	0.533333	C	0.515306
4	1061	65	0.0611111	0.0459184	0.118642	0.106622	0.00390109	0.00295298	0	0	0	0	0	A	0.377778	C	0.357143
4	1062	66	0.0611111	0.0408163	0.118642	0.100062	0.00125604	0.00181337	0	0	0	0	0	A	0.355556	G	0.346939
4	1063	67	0.0666667	0.0765306	0.12642	0.158372	0.00110127	0.00121036	0	0	0	0	0	C	0.355556	C	0.397959
4	1064	68	0.5	0.5	1	1	-1	0	0	0	0	0	0	A	1	A	1
4	1065	69	0.105556	0.147959	0.233611	0.281549	0.00223573	0.00217774	0	0	0	0	0	C	0.516667	A	0.530612
4	1066	70	0.5	0.5	1	1	-1	0	0	0	0	0	0	A	1	A	1
4	1067	71	0.0444444	0.0561224	0.130401	0.103316	0.000888714	0.000947592	0	0	0	0	0	T	0.361111	G	0.357143
4	1068	72	0.0777778	0.0510204	0.138549	0.10998	0.00103238	0.000958148	0	0	0	0	0	C	0.372222	T	0.341837
4	1069	73	0.0888889	0.107143	0.239012	0.26554	0.000697883	0.00140135	0	0	0	0	0	T	0.511111	A	0.515306
4	1070	74	0.0333333	0.0765306	0.103827	0.142545	0.00324322	0.00343908	0	0	0	0	0	T	0.388889	G	0.377551
4	1071	75	0.0722222	0.0510204	0.138549	0.103316	0.00687717	0.00507261	0	0	0	0	1	C	0.372222	T	0.382653
4	1072	76	0.122222	0.173469	0.25	0.303623	0.00260988	0.00374451	0	0	0	0	0	C	0.5	C	0.55102
4	1073	77	0.5	0.5	1	1	-1	0	0	0	0	0	0	T	1	T	1
4	1074	78	0.0388889	0.0561224	0.111111	0.106622	2.66576e-005	0.000112195	0	0	0	0	0	A	0.344444	A	0.346939
4	1075	79	0.5	0.5	1	1	-1	0	0	0	0	0	0	T	1	T	1
4	1076	80	0.15	0.112245	0.272716	0.2399	0.00105162	0.000798978	0	0	0	0	0	G	0.522222	A	0.510204
4	1077	81	0.133333	0.142857	0.261235	0.276161	0.000207612	0.000462051	0	0	0	0	0	C	0.511111	C	0.52551
4	1078	82	0.5	0.5	1	1	-1	0	0	0	0	0	0	T	1	T	1
4	1079	83	0.122222	0.102041	0.261235	0.225141	0.0013414	0.00131431	0	0	0	0	0	C	0.511111	A	0.52551
4	1080	84	0.5	0.5	1	1	-1	0	0	0	0	0	0	C	1	C	1
4	1081	85	0.5	0.5	1	1	-1	0	0	0	0	0	0	T	1	T	1
5	100	5	0.5	0.5	1	1	-1	0	0	0	0	0	0	T	1	T	1
5	101	6	0.5	0.5	1	1	-1	0	0	0	0	0	0	A	1	A	1
5	102	7	0.0722222	0.0459184	0.146944	0.103316	0.00215813	0.00215292	0	0	0	0	0	A	0.383333	C	0.346939
5	103	8	0.5	0.5	1	1	-1	0	0	0	0	0	0	C	1	C	1
5	104	9	0.05	0.0663265	0.12642	0.123933	0.00193949	0.00238133	0	0	0	0	0	A	0.355556	A	0.352041
5	105	10	0.0333333	0.0765306	0.111111	0.131221	0.00306146	0.00423247	0	0	0	0	0	A	0.333333	G	0.377551
5	106	11	0.0777778	0.0204082	0.138549	0.0787432	0.00968721	0.00617313	0	0	0	1	1	G	0.372222	A	0.382653
5	107	12	0.122222	0.127551	0.266944	0.234928	0.00102226	0.00277142	0	0	0	0	0	T	0.516667	A	0.515306
5	108	13	0.111111	0.153061	0.239012	0.255128	0.000262876	0.000636842	0	0	0	0	0	C	0.511111	T	0.505102
5	109	14	0.5	0.5	1	1	-1	0	0	0	0	0	0	C	1	C	1
5	1010	15	0.5	0.5	1	1	-1	0	0	0	0	0	0	G	1	G	1
5	1011	16	0.5	0.5	1	1	-1	0	0	0	0	0	0	T	1	T	1
5	1012	17	0.138889	0.142857	0.290401	0.255128	0.00114376	0.00219051	0	0	0	0	0	T	0.538889	T	0.505102
5	1013	18	0.0833333	0.0153061	0.146944	0.0845741	0.00483837	0.00379162	0	0	0	0	0	C	0.383333	T	0.392857
5	1014	19	0.5	0.5	1	1	-1	0	0	0	0	0	0	G	1	G	1
5	1015	20	0.5	0.5	1	1	-1	0	0	0	0	0	0	A	1	A	1
5	1016	21	0.5	0.5	1	1	-1	0	0	0	0	0	0	A	1	A	1
5	1017	22	0.5	0.5	1	1	-1	0	0	0	0	0	0	A	1	A	1
5	1018	23	0.166667	0.102041	0.34679	0.175031	0.0290791	0.0221738	1	1	1	1	1	T	0.588889	G	0.581633
5	1019	24	0.144444	0.0867347	0.278549	0.21085	0.00470595	0.0116113	1	1	1	1	1	C	0.527778	A	0.540816
5	1020	25	0.5	0.5	1	1	-1	0	0	0	0	0	0	T	1	T	1
5	1021	26	0.5	0.5	1	1	-1	0	0	0	0	0	0	C	1	C	1
5	1022	27	0.0944444	0.147959	0.217778	0.276161	0.00346277	0.00296826	0	0	0	0	0	G	0.533333	T	0.52551
5	1023	28	0.0777778	0.0765306	0.146944	0.116852	0.0017921	0.00215056	0	0	0	0	0	T	0.383333	G	0.397959
5	1024	29	0.116667	0.158163	0.239012	0.281549	0.0017415	0.00187747	0	0	0	0	0	T	0.511111	A	0.530612
5	1025	30	0.0444444	0.0714286	0.130401	0.120367	0.00220884	0.00207178	0	0	0	0	0	T	0.372222	G	0.346939
5	1026	31	0.5	0.5	1	1	-1	0	0	0	0	0	0	A	1	A	1
5	1027	32	0.5	0.5	1	1	-1	0	0	0	0	0	0	T	1	T	1
5	1028	33	0.116667	0.153061	0.290401	0.270825	0.000342742	0.000523531	0	0	0	0	0	C	0.538889	C	0.520408
5	1029	34	0.133333	0.117347	0.25	0.220325	0.000937989	0.00086467	0	0	0	0	0	T	0.5	C	0.530612
5	1030	35	0.0555556	0.0408163	0.0967901	0.0845741	0.00120113	0.00115841	0	0	0	0	0	G	0.377778	T	0.357143
5	1031	36	0.5	0.5	1	1	-1	0	0	0	0	0	0	C	1	C	1
5	1032	37	0.0388889	0.0459184	0.0570679	0.093711	0.00379298	0.0027774	0	0	0	0	0	T	0.405556	G	0.362245
5	1033	38	0.116667	0.117347	0.255586	0.234928	0.000435251	0.00123478	0	0	0	0	0	C	0.505556	G	0.515306
5	1034	39	0.0555556	0.0612245	0.103827	0.10998	0.000699116	0.000678865	0	0	0	0	0	T	0.355556	C	0.346939
5	1035	40	0.5	0.5	1	1	-1	0	0	0	0	0	0	C	1	C	1
5	1036	41	0.5	0.5	1	1	-1	0	0	0	0	0	0	C	1	C	1
5	1037	42	0.1	0.0969388	0.222994	0.201583	0.000543595	0.00282604	0	0	0	0	0	A	0.527778	A	0.55102
5	1038	43	0.0666667	0.0510204	0.169012	0.0845741	0.00860101	0.00620989	0	0	0	1	1	G	0.411111	A	0.392857
5	1039	44	0.5	0.5	1	1	-1	0	0	0	0	0	0	G	1	G	1
5	1040	45	0.122222	0.117347	0.255586	0.260308	2.16142e-005	0.000278031	0	0	0	0	0	C	0.505556	C	0.510204
5	1041	46	0.5	0.5	1	1	-1	0	0	0	0	0	0	G	1	G	1
5	1042	47	0.0388889	0.0561224	0.100278	0.106622	0.00245176	0.00424257	0	0	0	0	0	C	0.377778	G	0.357143
5	1043	48	0.0833333	0.0255102	0.164475	0.0787432	0.00903338	0.00712744	0	1	1	1	1	C	0.405556	T	0.372449
5	1044	49	0.5	0.5	1	1	-1	0	0	0	0	0	0	C	1	C	1
5	1045	50	0.0833333	0.0459184	0.12642	0.0816327	0.00483939	0.00367043	0	0	0	0	0	A	0.355556	T	0.387755
5	1046	51	0.0555556	0.0408163	0.107438	0.093711	0.000351066	0.00216589	0	0	0	0	0	T	0.361111	T	0.382653
5	1047	52	0.0277778	0.0663265	0.068179	0.120367	0.00418501	0.00253702	0	0	0	0	0	C	0.394444	C	0.357143
5	1048	53	0.0444444	0.0510204	0.114846	0.116852	0.000451517	0.00166587	0	0	0	0	0	A	0.344444	A	0.367347
5	1049	54	0.127778	0.117347	0.284444	0.2399	0.00189652	0.00297701	0	0	0	0	0	C	0.533333	G	0.510204
5	1050	55	0.0722222	0.0408163	0.134444	0.0759059	0.00816264	0.00617862	0	0	0	1	1	A	0.366667	T	0.408163
5	1051	56	0.5	0.5	1	1	-1	0	0	0	0	0	0	C	1	C	1
5	1052	57	0.122222	0.122449	0.244475	0.244924	2.05699e-007	0.000536997	0	0	0	0	0	G	0.505556	G	0.505102
5	1053	58	0.15	0.117347	0.327438	0.28699	0.00134854	0.00112341	0	0	0	0	0	G	0.572222	G	0.535714
5	1054	59	0.105556	0.107143	0.261235	0.220325	0.0017415	0.00126542	0	0	0	0	0	G	0.511111	T	0.530612
5	1055	60	0.15	0.127551	0.29642	0.292482	1.32596e-005	0.000821795	0	0	0	0	0	A	0.544444	A	0.540816
5	1056	61	0.05	0.0510204	0.114846	0.0787432	0.00196029	0.00111869	0	0	0	0	0	C	0.361111	C	0.382653
5	1057	62	0.111111	0.0918367	0.197531	0.20619	9.38417e-005	0.00061379	0	0	0	0	0	T	0.555556	T	0.545918
5	1058	63	0.0611111	0.0510204	0.107438	0.0906133	0.000516147	0.000856719	0	0	0	0	0	T	0.361111	T	0.362245
5	1059	64	0.133333	0.132653	0.228272	0.276161	0.00227841	0.00203158	0	0	0	0	0	T	0.522222	C	0.52551
5	1060	65	0.111111	0.117347	0.2025	0.255128	0.00304237	0.00285899	0	0	0	0	0	T	0.55	C	0.505102
5	1061	66	0.5	0.5	1	1	-1	0	0	0	0	0	0	C	1	C	1
5	1062	67	0.122222	0.147959	0.217778	0.303623	0.00711778	0.00499613	0	0	0	0	1	C	0.533333	T	0.55102
5	1063	68	0.116667	0.117347	0.233611	0.230008	1.40181e-005	0.00173342	0	0	0	0	0	C	0.516667	C	0.520408
5	1064	69	0.1	0.112245	0.228272	0.255128	0.000746834	0.000775494	0	0	0	0	0	C	0.522222	G	0.505102
5	1065	70	0.0611111	0.0408163	0.100278	0.127551	0.000937907	0.00183538	0	0	0	0	0	C	0.4	C	0.382653
5	1066	71	0.0888889	0.0663265	0.142716	0.093711	0.00530356	0.00394117	0	0	0	0	0	T	0.377778	A	0.357143
5	1067	72	0.5	0.5	1	1	-1	0	0	0	0	0	0	T	1	T	1
5	1068	73	0.116667	0.107143	0.233611	0.234928	1.85297e-006	0.00240445	0	0	0	0	0	G	0.516667	G	0.515306
5	1069	74	0.0333333	0.0612245	0.068179	0.134944	0.00830384	0.00588052	0	0	0	1	1	G	0.4	C	0.367347
5	1070	75	0.5	0.5	1	1	-1	0	0	0	0	0	0	T	1	T	1
5	1071	76	0.133333	0.142857	0.228272	0.270825	0.00181736	0.00197154	0	0	0	0	0	T	0.522222	C	0.520408
6	100	6	0.105556	0.173469	0.228272	0.332388	0.00978097	0.00693867	0	0	1	1	1	G	0.522222	T	0.576531
6	101	7	0.0888889	0.0816327	0.187778	0.188073	1.17776e-007	0.00279301	0	0	0	0	0	T	0.566667	T	0.566327
6	102	8	0.05	0.0408163	0.151235	0.11339	0.00286998	0.00215824	0	0	0	0	0	G	0.388889	A	0.357143
6	103	9	0.5	0.5	1	1	-1	0	0	0	0	0	0	G	1	G	1
6	104	10	0.0611111	0.0459184	0.142716	0.127551	0.000325554	0.000386125	0	0	0	0	0	G	0.377778	G	0.357143
6	105	11	0.5	0.5	1	1	-1	0	0	0	0	0	0	T	1	T	1
6	106	12	0.5	0.5	1	1	-1	0	0	0	0	0	0	G	1	G	1
6	107	13	0.0944444	0.127551	0.222994	0.2399	0.000309281	0.0005457	0	0	0	0	0	T	0.527778	T	0.510204
6	108	14	0.161111	0.112245	0.278549	0.244924	0.00108164	0.00107645	0	0	0	0	0	T	0.527778	G	0.505102
6	109	15	0.0444444	0.0510204	0.111111	0.093711	0.00155316	0.00230765	0	0	0	0	0	C	0.372222	C	0.346939
6	1010	16	0.0833333	0.137755	0.212623	0.28699	0.00556569	0.00437062	0	0	0	0	0	G	0.538889	T	0.535714
6	1011	17	0.5	0.5	1	1	-1	0	0	0	0	0	0	G	1	G	1
6	1012	18	0.5	0.5	1	1	-1	0	0	0	0	0	0	G	1	G	1
6	1013	19	0.5	0.5	1	1	-1	0	0	0	0	0	0	A	1	A	1
6	1014	20	0.5	0.5	1	1	-1	0	0	0	0	0	0	C	1	C	1
6	1015	21	0.5	0.5	1	1	-1	0	0	0	0	0	0	A	1	A	1
6	1016	22	0.5	0.5	1	1	-1	0	0	0	0	0	0	T	1	T	1
6	1017	23	0.5	0.5	1	1	-1	0	0	0	0	0	0	A	1	A	1
6	1018	24	0.5	0.5	1	1	-1	0	0	0	0	0	0	C	1	C	1
6	1019	25	0.161111	0.153061	0.266944	0.281549	0.000194915	0.00122771	0	0	0	0	0	G	0.516667	G	0.530612
6	1020	26	0.144444	0.132653	0.308642	0.244924	0.00368873	0.00295619	0	0	0	0	0	G	0.555556	C	0.505102
6	1021	27	0.0388889	0.0765306	0.0802778	0.120367	0.0036808	0.00411213	0	0	0	0	0	A	0.361111	A	0.372449
6	1022	28	0.1	0.127551	0.187778	0.260308	0.00592801	0.00474376	0	0	0	0	1	T	0.566667	C	0.510204
6	1023	29	0.172222	0.122449	0.314846	0.255128	0.00315083	0.0031513	0	0	0	0	0	G	0.561111	G	0.505102
6	1024	30	0.133333	0.122449	0.212623	0.230008	0.000342742	0.00120053	0	0	0	0	0	T	0.538889	T	0.520408
6	1025	31	0.5	0.5	1	1	-1	0	0	0	0	0	0	C	1	C	1
6	1026	32	0.0944444	0.0969388	0.228272	0.230008	3.2968e-006	2.69894e-005	0	0	0	0	0	G	0.522222	G	0.520408
6	1027	33	0.5	0.5	1	1	-1	0	0	0	0	0	0	A	1	A	1
6	1028	34	0.116667	0.102041	0.25	0.225141	0.000651194	0.000714818	0	0	0	0	0	G	0.5	C	0.52551
6	1029	35	0.5	0.5	1	1	-1	0	0	0	0	0	0	A	1	A	1
6	1030	36	0.111111	0.137755	0.222994	0.28699	0.0040315	0.00390402	0	0	0	0	0	A	0.527778	G	0.535714
6	1031	37	0.5	0.5	1	1	-1	0	0	0	0	0	0	C	1	C	1
6	1032	38	0.116667	0.137755	0.212623	0.255128	0.00193741	0.00198734	0	0	0	0	0	T	0.538889	G	0.505102
6	1033	39	0.5	0.5	1	1	-1	0	0	0	0	0	0	T	1	T	1
6	1034	40	0.5	0.5	1	1	-1	0	0	0	0	0	0	A	1	A	1
6	1035	41	0.5	0.5	1	1	-1	0	0	0	0	0	0	G	1	G	1
6	1036	42	0.5	0.5	1	1	-1	0	0	0	0	0	0	C	1	C	1
6	1037	43	0.144444	0.142857	0.29642	0.255128	0.00155163	0.00166093	0	0	0	0	0	T	0.544444	T	0.505102
6	1038	44	0.15	0.107143	0.290401	0.244924	0.00193741	0.00182812	0	0	0	0	0	T	0.538889	A	0.505102
6	1039	45	0.5	0.5	1	1	-1	0	0	0	0	0	0	A	1	A	1
6	1040	46	0.5	0.5	1	1	-1	0	0	0	0	0	0	C	1	C	1
6	1041	47	0.0611111	0.0969388	0.118642	0.138718	0.000460098	0.000446554	0	0	0	0	0	A	0.355556	G	0.372449
6	1042	48	0.127778	0.122449	0.255586	0.234928	0.000435251	0.000358011	0	0	0	0	0	G	0.505556	C	0.515306
6	1043	49	0.0444444	0.0510204	0.118642	0.11339	6.05359e-005	0.000171477	0	0	0	0	0	C	0.344444	C	0.336735
6	1044	50	0.5	0.5	1	1	-1	0	0	0	0	0	0	A	1	A	1
6	1045	51	0.116667	0.107143	0.222994	0.234928	0.000155831	0.000151315	0	0	0	0	0	T	0.527778	T	0.515306
6	1046	52	0.5	0.5	1	1	-1	0	0	0	0	0	0	G	1	G	1
6	1047	53	0.15	0.137755	0.278549	0.270825	5.44376e-005	0.0011688	0	0	0	0	0	G	0.527778	G	0.520408
6	1048	54	0.0388889	0.0612245	0.0967901	0.100062	0.0040932	0.00238548	0	0	0	0	0	A	0.372222	T	0.387755
6	1049	55	0.138889	0.132653	0.266944	0.244924	0.00047394	0.00140519	0	0	0	0	0	C	0.516667	A	0.505102
6	1050	56	0.122222	0.137755	0.272716	0.309272	0.00115632	0.00112106	0	0	0	0	0	A	0.522222	A	0.556122
6	1051	57	0.5	0.5	1	1	-1	0	0	0	0	0	0	T	1	T	1
6	1052	58	0.0277778	0.0765306	0.0802778	0.150354	0.00719031	0.00704495	0	0	1	1	1	C	0.372222	T	0.387755
6	1053	59	0.5	0.5	1	1	-1	0	0	0	0	0	0	A	1	A	1
6	1054	60	0.5	0.5	1	1	-1	0	0	0	0	0	0	G	1	G	1
6	1055	61	0.5	0.5	1	1	-1	0	0	0	0	0	0	T	1	T	1
6	1056	62	0.138889	0.0867347	0.255586	0.220325	0.00130893	0.00524326	0	0	0	0	1	A	0.505556	C	0.530612
6	1057	63	0.177778	0.107143	0.327438	0.201583	0.0151956	0.0110675	1	1	1	1	1	A	0.572222	G	0.55102
6	1058	64	0.5	0.5	1	1	-1	0	0	0	0	0	0	A	1	A	1
6	1059	65	0.127778	0.122449	0.25	0.25	0	0.00100092	0	0	0	0	0	T	0.5	T	0.5
6	1060	66	0.1	0.102041	0.187778	0.234928	0.00265575	0.00190558	0	0	0	0	0	T	0.566667	T	0.515306
6	1061	67	0.5	0.5	1	1	-1	0	0	0	0	0	0	A	1	A	1
6	1062	68	0.5	0.5	1	1	-1	0	0	0	0	0	0	A	1	A	1
6	1063	69	0.0777778	0.137755	0.2025	0.255128	0.00304237	0.00306122	0	0	0	0	0	G	0.55	T	0.505102
6	1064	70	0.5	0.5	1	1	-1	0	0	0	0	0	0	T	1	T	1
6	1065	71	0.0555556	0.0765306	0.103827	0.138718	0.00383708	0.00304649	0	0	0	0	0	A	0.377778	G	0.372449
6	1066	72	0.133333	0.132653	0.278549	0.25	0.000772201	0.00292992	0	0	0	0	0	G	0.527778	G	0.5
6	1067	73	0.0611111	0.0255102	0.118642	0.0550812	0.00749232	0.00494549	0	0	0	0	1	A	0.377778	A	0.403061
6	1068	74	0.105556	0.163265	0.233611	0.28699	0.00274476	0.00399682	0	0	0	0	0	C	0.516667	T	0.535714
6	1069	75	0.5	0.5	1	1	-1	0	0	0	0	0	0	A	1	A	1
6	1070	76	0.0833333	0.0459184	0.134444	0.103316	0.00190949	0.00153683	0	0	0	0	0	T	0.366667	G	0.352041
6	1071	77	0.0222222	0.0306122	0.0802778	0.0816327	0.000515987	0.0009111	0	0	0	0	0	G	0.383333	G	0.408163
7	100	7	0.138889	0.142857	0.266944	0.270825	1.40181e-005	3.69942e-005	0	0	0	0	0	C	0.516667	C	0.520408
7	101	8	0.122222	0.117347	0.244475	0.234928	9.51149e-005	0.000135621	0	0	0	0	0	T	0.505556	T	0.515306
7	102	9	0.5	0.5	1	1	-1	0	0	0	0	0	0	T	1	T	1
7	103	10	0.105556	0.107143	0.25	0.192524	0.00376254	0.00367427	0	0	0	0	0	A	0.5	T	0.561224
7	104	11	0.5	0.5	1	1	-1	0	0	0	0	0	0	T	1	T	1
7	105	12	0.5	0.5	1	1	-1	0	0	0	0	0	0	T	1	T	1
7	106	13	0.0444444	0.0612245	0.0967901	0.120367	0.000807259	0.000616361	0	0	0	0	0	G	0.35	C	0.346939
7	107	14	0.0555556	0.0510204	0.0967901	0.0875677	0.000131588	0.000367158	0	0	0	0	0	C	0.361111	C	0.367347
7	108	15	0.5	0.5	1	1	-1	0	0	0	0	0	0	C	1	C	1
7	109	16	0.0333333	0.0561224	0.100278	0.123933	0.00288903	0.00591271	0	0	0	1	1	A	0.377778	C	0.352041
7	1010	17	0.0944444	0.0714286	0.197531	0.11339	0.014285	0.00851178	1	1	1	1	1	C	0.444444	A	0.382653
7	1011	18	0.105556	0.127551	0.244475	0.25	3.08652e-005	0.00327475	0	0	0	0	0	T	0.505556	C	0.5
7	1012	19	0.105556	0.137755	0.228272	0.25	0.000494071	0.00059515	0	0	0	0	0	G	0.522222	C	0.5
7	1013	20	0.5	0.5	1	1	-1	0	0	0	0	0	0	A	1	A	1
7	1014	21	0.161111	0.122449	0.278549	0.26554	0.000155831	0.00137061	0	0	0	0	0	A	0.527778	A	0.515306
7	1015	22	0.1	0.137755	0.207531	0.270825	0.00420829	0.00367508	0	0	0	0	0	T	0.544444	G	0.520408
7	1016	23	0.0777778	0.0510204	0.164475	0.100062	0.00606746	0.00427756	0	0	0	0	0	A	0.405556	T	0.357143
7	1017	24	0.166667	0.137755	0.321111	0.309272	0.000112882	0.00223373	0	0	0	0	0	C	0.566667	C	0.556122
7	1018	25	0.0444444	0.0459184	0.09	0.138718	0.00364417	0.00270284	0	0	0	0	0	G	0.377778	C	0.372449
7	1019	26	0.5	0.5	1	1	-1	0	0	0	0	0	0	A	1	A	1
7	1020	27	0.5	0.5	1	1	-1	0	0	0	0	0	0	A	1	A	1
7	1021	28	0.05	0.0408163	0.09	0.0816327	0.00120147	0.00106624	0	0	0	0	0	A	0.377778	T	0.367347
7	1022	29	0.0388889	0.0357143	0.0866975	0.100062	0.000722618	0.000846055	0	0	0	0	0	G	0.372222	T	0.346939
7	1023	30	0.5	0.5	1	1	-1	0	0	0	0	0	0	T	1	T	1
7	1024	31	0.0444444	0.0357143	0.100278	0.10998	0.000147314	0.000161269	0	0	0	0	0	G	0.344444	C	0.336735
7	1025	32	0.5	0.5	1	1	-1	0	0	0	0	0	0	T	1	T	1
7	1026	33	0.5	0.5	1	1	-1	0	0	0	0	0	0	G	1	G	1
7	1027	34	0.133333	0.142857	0.272716	0.281549	7.05895e-005	7.06076e-005	0	0	0	0	0	G	0.522222	G	0.530612
7	1028	35	0.5	0.5	1	1	-1	0	0	0	0	0	0	T	1	T	1
7	1029	36	0.5	0.5	1	1	-1	0	0	0	0	0	0	C	1	C	1
7	1030	37	0.111111	0.127551	0.182994	0.260308	0.00682033	0.00678105	0	0	1	1	1	G	0.572222	C	0.510204
7	1031	38	0.5	0.5	1	1	-1	0	0	0	0	0	0	T	1	T	1
7	1032	39	0.0611111	0.0561224	0.1225	0.100062	0.0052375	0.00551033	0	0	0	1	1	A	0.377778	T	0.367347
7	1033	40	0.127778	0.147959	0.228272	0.309272	0.00614495	0.00568229	0	0	0	1	1	C	0.522222	T	0.556122
7	1034	41	0.177778	0.137755	0.314846	0.2399	0.00509907	0.0049254	0	0	0	0	1	A	0.561111	T	0.510204
7	1035	42	0.0388889	0.0969388	0.0834568	0.131221	0.00336721	0.00365343	0	0	0	0	0	T	0.394444	A	0.362245
7	1036	43	0.0777778	0.0510204	0.151235	0.100062	0.0029838	0.00248254	0	0	0	0	0	G	0.388889	A	0.346939
7	1037	44	0.0555556	0.0459184	0.118642	0.103316	0.000304759	0.000991426	0	0	0	0	0	C	0.344444	A	0.341837
7	1038	45	0.0388889	0.0561224	0.107438	0.103316	0.000236843	0.00168699	0	0	0	0	0	C	0.355556	C	0.341837
7	1039	46	0.0833333	0.122449	0.192623	0.270825	0.00665642	0.00469668	0	0	0	0	1	A	0.561111	G	0.520408
7	1040	47	0.5	0.5	1	1	-1	0	0	0	0	0	0	A	1	A	1
7	1041	48	0.122222	0.117347	0.272716	0.2399	0.00105162	0.00128163	0	0	0	0	0	A	0.522222	G	0.510204
7	1042	49	0.5	0.5	1	1	-1	0	0	0	0	0	0	C	1	C	1
7	1043	50	0.0722222	0.0306122	0.169012	0.100062	0.00533487	0.00523276	0	0	0	0	1	G	0.411111	T	0.362245
7	1044	51	0.5	0.5	1	1	-1	0	0	0	0	0	0	A	1	A	1
7	1045	52	0.5	0.5	1	1	-1	0	0	0	0	0	0	C	1	C	1
7	1046	53	0.144444	0.0867347	0.314846	0.197027	0.013744	0.0134195	1	1	1	1	1	C	0.561111	G	0.556122
7	1047	54	0.5	0.5	1	1	-1	0	0	0	0	0	0	C	1	C	1
7	1048	55	0.0611111	0.0510204	0.107438	0.120367	0.000208165	0.000530863	0	0	0	0	0	T	0.35	C	0.346939
7	1049	56	0.5	0.5	1	1	-1	0	0	0	0	0	0	A	1	A	1
7	1050	57	0.5	0.5	1	1	-1	0	0	0	0	0	0	A	1	A	1
7	1051	58	0.138889	0.158163	0.278549	0.26554	0.000155831	0.000745013	0	0	0	0	0	A	0.527778	A	0.515306
7	1052	59	0.127778	0.0867347	0.266944	0.220325	0.00223573	0.00163727	0	0	0	0	0	C	0.516667	T	0.530612
7	1053	60	0.5	0.5	1	1	-1	0	0	0	0	0	0	T	1	T	1
7	1054	61	0.155556	0.132653	0.284444	0.25	0.00111235	0.00259985	0	0	0	0	0	T	0.533333	T	0.5
7	1055	62	0.0388889	0.0102041	0.142716	0.0731206	0.00652383	0.00392633	0	0	0	0	0	G	0.377778	T	0.392857
7	1056	63	0.122222	0.153061	0.3025	0.281549	0.000378344	0.00175999	0	0	0	0	0	C	0.55	C	0.530612
7	1057	64	0.0611111	0.0663265	0.09	0.10998	0.000564809	0.00088102	0	0	0	0	0	A	0.366667	A	0.352041
7	1058	65	0.138889	0.147959	0.261235	0.298027	0.0012155	0.00313216	0	0	0	0	0	A	0.511111	A	0.545918
7	1059	66	0.155556	0.0816327	0.278549	0.179326	0.0109062	0.00629213	0	0	1	1	1	T	0.527778	G	0.576531
7	1060	67	0.133333	0.142857	0.278549	0.270825	5.44376e-005	0.00307689	0	0	0	0	0	G	0.527778	G	0.520408
7	1061	68	0.5	0.5	1	1	-1	0	0	0	0	0	0	T	1	T	1
7	1062	69	0.0555556	0.0408163	0.107438	0.0787432	0.00198987	0.00192109	0	0	0	0	0	G	0.344444	A	0.382653
7	1063	70	0.5	0.5	1	1	-1	0	0	0	0	0	0	A	1	A	1
7	1064	71	0.116667	0.158163	0.261235	0.292482	0.000884786	0.000778065	0	0	0	0	0	G	0.511111	G	0.540816
7	1065	72	0.138889	0.127551	0.25	0.270825	0.000416667	0.000659205	0	0	0	0	0	A	0.5	A	0.520408
7	1066	73	0.0555556	0.0510204	0.0967901	0.093711	0.00104636	0.000877655	0	0	0	0	0	T	0.361111	A	0.367347
7	1067	74	0.5	0.5	1	1	-1	0	0	0	0	0	0	T	1	T	1
7	1068	75	0.0444444	0.0918367	0.138549	0.154337	0.00142478	0.00165714	0	0	0	0	0	T	0.372222	T	0.392857
7	1069	76	0.0388889	0.0867347	0.100278	0.138718	0.00228339	0.00204668	0	0	0	0	0	T	0.355556	A	0.372449
7	1070	77	0.5	0.5	1	1	-1	0	0	0	0	0	0	G	1	G	1
7	1071	78	0.0722222	0.0408163	0.114846	0.0816327	0.00243049	0.00214028	0	0	0	0	0	G	0.338889	T	0.387755
7	1072	79	0.133333	0.122449	0.290401	0.25	0.00151464	0.00143739	0	0	0	0	0	T	0.538889	T	0.5
7	1073	80	0.116667	0.122449	0.255586	0.2399	0.000248372	0.000638492	0	0	0	0	0	T	0.505556	G	0.510204
7	1074	81	0.5	0.5	1	1	-1	0	0	0	0	0	0	C	1	C	1
7	1075	82	0.5	0.5	1	1	-1	0	0	0	0	0	0	C	1	C	1
8	100	8	0.0388889	0.0459184	0.0866975	0.0968607	0.000240492	0.000240492	0	0	0	0	0	A	0.355556	T	0.352041
8	101	9	0.5	0.5	1	1	-1	0	0	0	0	0	0	A	1	A	1
8	102	10	0.5	0.5	1	1	-1	0	0	0	0	0	0	T	1	T	1
8	103	11	0.155556	0.142857	0.278549	0.281549	8.06169e-006	8.11648e-006	0	0	0	0	0	G	0.527778	G	0.530612
8	104	12	0.5	0.5	1	1	-1	0	0	0	0	0	0	C	1	C	1
8	105	13	0.5	0.5	1	1	-1	0	0	0	0	0	0	T	1	T	1
8	106	14	0.0388889	0.0765306	0.103827	0.10998	6.51921e-005	0.000218143	0	0	0	0	0	T	0.377778	T	0.377551
8	107	15	0.0444444	0.0612245	0.118642	0.134944	0.000608301	0.000391093	0	0	0	0	0	G	0.344444	G	0.367347
8	108	16	0.177778	0.142857	0.284444	0.270825	0.000167544	0.00028851	0	0	0	0	0	T	0.533333	T	0.520408
8	109	17	0.5	0.5	1	1	-1	0	0	0	0	0	0	G	1	G	1
8	1010	18	0.5	0.5	1	1	-1	0	0	0	0	0	0	G	1	G	1
8	1011	19	0.5	0.5	1	1	-1	0	0	0	0	0	0	A	1	A	1
8	1012	20	0.122222	0.117347	0.233611	0.276161	0.00177903	0.00177903	0	0	0	0	0	G	0.516667	T	0.52551
8	1013	21	0.5	0.5	1	1	-1	0	0	0	0	0	0	C	1	C	1
8	1014	22	0.5	0.5	1	1	-1	0	0	0	0	0	0	C	1	C	1
8	1015	23	0.0722222	0.0765306	0.16	0.146423	0.00109519	0.00147364	0	0	0	0	0	C	0.4	C	0.382653
8	1016	24	0.0444444	0.0663265	0.0967901	0.093711	0.0020405	0.00307954	0	0	0	0	0	T	0.355556	C	0.387755
8	1017	25	0.0388889	0.0765306	0.0802778	0.154337	0.00779142	0.00507297	0	0	0	0	1	T	0.377778	C	0.392857
8	1018	26	0.0388889	0.0408163	0.118642	0.123933	0.00147458	0.00338348	0	0	0	0	0	T	0.344444	A	0.362245
8	1019	27	0.5	0.5	1	1	-1	0	0	0	0	0	0	A	1	A	1
8	1020	28	0.172222	0.107143	0.321111	0.21085	0.0115603	0.00817088	1	1	1	1	1	G	0.566667	A	0.540816
8	1021	29	0.138889	0.142857	0.272716	0.276161	1.08355e-005	0.0032558	0	0	0	0	0	T	0.522222	T	0.52551
8	1022	30	0.5	0.5	1	1	-1	0	0	0	0	0	0	A	1	A	1
8	1023	31	0.0333333	0.0561224	0.0834568	0.116852	0.00171829	0.00291142	0	0	0	0	0	C	0.366667	G	0.341837
8	1024	32	0.0444444	0.0612245	0.111111	0.123933	0.00610363	0.00480315	0	0	0	0	1	T	0.388889	C	0.357143
8	1025	33	0.5	0.5	1	1	-1	0	0	0	0	0	0	C	1	C	1
8	1026	34	0.0666667	0.0612245	0.118642	0.123933	0.00153381	0.00162794	0	0	0	0	0	T	0.344444	T	0.352041
8	1027	35	0.1	0.102041	0.2025	0.2399	0.00158948	0.00157447	0	0	0	0	0	A	0.55	A	0.510204
8	1028	36	0.5	0.5	1	1	-1	0	0	0	0	0	0	T	1	T	1
8	1029	37	0.5	0.5	1	1	-1	0	0	0	0	0	0	C	1	C	1
8	1030	38	0.0777778	0.0663265	0.114846	0.127551	0.000458169	0.00215169	0	0	0	0	0	G	0.344444	C	0.357143
8	1031	39	0.127778	0.153061	0.233611	0.314973	0.0060791	0.00524638	0	0	0	0	1	G	0.516667	C	0.561224
8	1032	40	0.0888889	0.0510204	0.164475	0.093711	0.00792812	0.00724147	0	1	1	1	1	G	0.405556	C	0.372449
8	1033	41	0.5	0.5	1	1	-1	0	0	0	0	0	0	C	1	C	1
8	1034	42	0.0611111	0.0510204	0.1225	0.116852	0.00472401	0.00351017	0	0	0	0	0	A	0.355556	G	0.377551
8	1035	43	0.05	0.0714286	0.12642	0.116852	0.00035753	0.00131549	0	0	0	0	0	G	0.355556	G	0.341837
8	1036	44	0.0388889	0.0357143	0.09	0.106622	0.000396476	0.000445806	0	0	0	0	0	G	0.355556	G	0.341837
8	1037	45	0.155556	0.142857	0.290401	0.276161	0.000179735	0.00105988	0	0	0	0	0	A	0.538889	A	0.52551
8	1038	46	0.05	0.0561224	0.130401	0.106622	0.00392319	0.00264006	0	0	0	0	0	C	0.361111	T	0.377551
8	1039	47	0.0888889	0.122449	0.187778	0.230008	0.0021562	0.00202481	0	0	0	0	0	G	0.566667	G	0.520408
8	1040	48	0.0388889	0.0408163	0.107438	0.10998	2.30312e-005	0.00062724	0	0	0	0	0	A	0.344444	A	0.346939
8	1041	49	0.127778	0.137755	0.290401	0.276161	0.000179735	0.00112884	0	0	0	0	0	C	0.538889	C	0.52551
8	1042	50	0.0833333	0.0561224	0.169012	0.103316	0.0045704	0.00326944	0	0	0	0	0	A	0.411111	G	0.362245
8	1043	51	0.5	0.5	1	1	-1	0	0	0	0	0	0	T	1	T	1
8	1044	52	0.5	0.5	1	1	-1	0	0	0	0	0	0	G	1	G	1
8	1045	53	0.5	0.5	1	1	-1	0	0	0	0	0	0	G	1	G	1
8	1046	54	0.5	0.5	1	1	-1	0	0	0	0	0	0	C	1	C	1
8	1047	55	0.0277778	0.0357143	0.100278	0.0816327	0.000675861	0.00102712	0	0	0	0	0	T	0.35	G	0.362245
8	1048	56	0.0611111	0.0612245	0.142716	0.10998	0.00166025	0.00221737	0	0	0	0	0	A	0.377778	C	0.336735
8	1049	57	0.0666667	0.102041	0.114846	0.188073	0.00516172	0.00367089	0	0	0	0	0	A	0.338889	A	0.433673
8	1050	58	0.161111	0.117347	0.278549	0.230008	0.00232201	0.00242611	0	0	0	0	0	A	0.527778	T	0.520408
8	1051	59	0.144444	0.158163	0.29642	0.298027	2.19033e-006	0.000850197	0	0	0	0	0	A	0.544444	A	0.545918
8	1052	60	0.5	0.5	1	1	-1	0	0	0	0	0	0	T	1	T	1
8	1053	61	0.172222	0.102041	0.308642	0.220325	0.00742951	0.00710698	0	1	1	1	1	G	0.555556	T	0.530612
8	1054	62	0.5	0.5	1	1	-1	0	0	0	0	0	0	A	1	A	1
8	1055	63	0.05	0.0510204	0.103827	0.10998	0.00105159	0.00120364	0	0	0	0	0	G	0.361111	G	0.392857
8	1056	64	0.5	0.5	1	1	-1	0	0	0	0	0	0	C	1	C	1
8	1057	65	0.5	0.5	1	1	-1	0	0	0	0	0	0	A	1	A	1
8	1058	66	0.5	0.5	1	1	-1	0	0	0	0	0	0	G	1	G	1
8	1059	67	0.0833333	0.0867347	0.16	0.166597	0.00410969	0.00447861	0	0	0	0	0	T	0.4	T	0.408163
8	1060	68	0.0444444	0.0510204	0.100278	0.106622	0.00558322	0.00440166	0	0	0	0	0	T	0.422222	G	0.341837
8	1061	69	0.122222	0.0969388	0.255586	0.215561	0.00170475	0.00282606	0	0	0	0	0	G	0.505556	A	0.535714
8	1062	70	0.5	0.5	1	1	-1	0	0	0	0	0	0	T	1	T	1
8	1063	71	0.5	0.5	1	1	-1	0	0	0	0	0	0	T	1	T	1
8	1064	72	0.5	0.5	1	1	-1	0	0	0	0	0	0	C	1	C	1
8	1065	73	0.5	0.5	1	1	-1	0	0	0	0	0	0	G	1	G	1
8	1066	74	0.0666667	0.0612245	0.0967901	0.127551	0.00124102	0.0022227	0	0	0	0	0	T	0.377778	G	0.357143
8	1067	75	0.1	0.142857	0.222994	0.292482	0.00470595	0.00372427	0	0	0	0	0	A	0.527778	G	0.540816
8	1068	76	0.5	0.5	1	1	-1	0	0	0	0	0	0	T	1	T	1
8	1069	77	0.5	0.5	1	1	-1	0	0	0	0	0	0	C	1	C	1
8	1070	78	0.0666667	0.0408163	0.114846	0.0731206	0.00266816	0.00266864	0	0	0	0	0	A	0.338889	T	0.367347
9	100	9	0.5	0.5	1	1	-1	0	0	0	0	0	0	A	1	A	1
9	101	10	0.122222	0.107143	0.222994	0.244924	0.000514746	0.000819854	0	0	0	0	0	G	0.527778	G	0.505102
9	102	11	0.161111	0.127551	0.321111	0.281549	0.00131234	0.00202568	0	0	0	0	0	T	0.566667	T	0.530612
9	103	12	0.0611111	0.0204082	0.114846	0.0625	0.00534109	0.00413629	0	0	0	0	0	G	0.355556	G	0.433673
9	104	13	0.5	0.5	1	1	-1	0	0	0	0	0	0	G	1	G	1
9	105	14	0.5	0.5	1	1	-1	0	0	0	0	0	0	T	1	T	1
9	106	15	0.133333	0.117347	0.261235	0.281549	0.000380957	0.000304542	0	0	0	0	0	A	0.511111	A	0.530612
9	107	16	0.0666667	0.0765306	0.182994	0.192524	0.000123143	0.000199139	0	0	0	0	0	T	0.572222	T	0.561224
9	108	17	0.0944444	0.0867347	0.222994	0.215561	6.32431e-005	0.000625994	0	0	0	0	0	T	0.527778	T	0.535714
9	109	18	0.0722222	0.0408163	0.151235	0.103316	0.00256752	0.00180471	0	0	0	0	0	A	0.388889	G	0.341837
9	1010	19	0.5	0.5	1	1	-1	0	0	0	0	0	0	G	1	G	1
9	1011	20	0.144444	0.153061	0.239012	0.260308	0.000454338	0.0012206	0	0	0	0	0	C	0.511111	T	0.510204
9	1012	21	0.0388889	0.0561224	0.0933642	0.0906133	0.0031066	0.00197742	0	0	0	0	0	A	0.383333	T	0.377551
9	1013	22	0.0555556	0.0153061	0.0967901	0.0759059	0.000731907	0.00119363	0	0	0	0	0	A	0.35	A	0.372449
9	1014	23	0.0555556	0.0663265	0.0933642	0.11339	0.00055109	0.000557835	0	0	0	0	0	G	0.35	C	0.336735
9	1015	24	0.0444444	0.0408163	0.0933642	0.0875677	0.000274418	0.000372189	0	0	0	0	0	C	0.355556	C	0.377551
9	1016	25	0.0388889	0.0459184	0.100278	0.103316	5.61802e-005	0.0014632	0	0	0	0	0	A	0.372222	A	0.362245
9	1017	26	0.0833333	0.0612245	0.146944	0.106622	0.00620875	0.00392495	0	0	0	0	0	C	0.383333	A	0.382653
9	1018	27	0.0611111	0.0459184	0.138549	0.11339	0.00242165	0.00297072	0	0	0	0	0	C	0.372222	C	0.336735
9	1019	28	0.127778	0.127551	0.272716	0.2399	0.00105162	0.00272439	0	0	0	0	0	T	0.522222	G	0.510204
9	1020	29	0.138889	0.112245	0.278549	0.197027	0.00704491	0.00529673	0	0	0	0	1	T	0.527778	A	0.556122
9	1021	30	0.5	0.5	1	1	-1	0	0	0	0	0	0	A	1	A	1
9	1022	31	0.5	0.5	1	1	-1	0	0	0	0	0	0	G	1	G	1
9	1023	32	0.0388889	0.0459184	0.100278	0.134944	0.00164734	0.00151689	0	0	0	0	0	T	0.361111	G	0.367347
9	1024	33	0.0555556	0.0714286	0.114846	0.146423	0.00127119	0.00109552	0	0	0	0	0	C	0.338889	C	0.382653
9	1025	34	0.161111	0.158163	0.321111	0.332388	9.93343e-005	0.000465063	0	0	0	0	0	C	0.566667	C	0.576531
9	1026	35	0.5	0.5	1	1	-1	0	0	0	0	0	0	A	1	A	1
9	1027	36	0.0555556	0.0510204	0.107438	0.11339	0.00120947	0.00115646	0	0	0	0	0	A	0.35	G	0.357143
9	1028	37	0.5	0.5	1	1	-1	0	0	0	0	0	0	C	1	C	1
9	1029	38	0.0722222	0.0459184	0.12642	0.120367	4.19531e-005	0.00158137	0	0	0	0	0	C	0.355556	C	0.346939
9	1030	39	0.166667	0.0918367	0.284444	0.21085	0.00549848	0.00395209	0	0	0	0	0	C	0.533333	G	0.540816
9	1031	40	0.5	0.5	1	1	-1	0	0	0	0	0	0	A	1	A	1
9	1032	41	0.5	0.5	1	1	-1	0	0	0	0	0	0	C	1	C	1
9	1033	42	0.5	0.5	1	1	-1	0	0	0	0	0	0	T	1	T	1
9	1034	43	0.5	0.5	1	1	-1	0	0	0	0	0	0	T	1	T	1
9	1035	44	0.0555556	0.107143	0.111111	0.188073	0.007509	0.0062843	0	0	1	1	1	A	0.338889	G	0.433673
9	1036	45	0.15	0.117347	0.272716	0.215561	0.00335725	0.00430917	0	0	0	0	0	A	0.522222	G	0.535714
9	1037	46	0.1	0.132653	0.212623	0.270825	0.00351734	0.00354143	0	0	0	0	0	A	0.538889	C	0.520408
9	1038	47	0.5	0.5	1	1	-1	0	0	0	0	0	0	G	1	G	1
9	1039	48	0.5	0.5	1	1	-1	0	0	0	0	0	0	G	1	G	1
9	1040	49	0.133333	0.117347	0.278549	0.260308	0.000309281	0.000257189	0	0	0	0	0	C	0.527778	C	0.510204
9	1041	50	0.127778	0.112245	0.261235	0.25	0.000123472	0.000176115	0	0	0	0	0	A	0.511111	A	0.5
9	1042	51	0.5	0.5	1	1	-1	0	0	0	0	0	0	A	1	A	1
9	1043	52	0.5	0.5	1	1	-1	0	0	0	0	0	0	C	1	C	1
9	1044	53	0.0444444	0.0561224	0.118642	0.120367	0.00330054	0.00329979	0	0	0	0	0	C	0.388889	G	0.346939
9	1045	54	0.5	0.5	1	1	-1	0	0	0	0	0	0	C	1	C	1
9	1046	55	0.5	0.5	1	1	-1	0	0	0	0	0	0	C	1	C	1
9	1047	56	0.155556	0.153061	0.3025	0.281549	0.000378344	0.000615978	0	0	0	0	0	C	0.55	C	0.530612
9	1048	57	0.105556	0.107143	0.239012	0.20619	0.0012155	0.00101128	0	0	0	0	0	G	0.511111	G	0.545918
9	1049	58	0.5	0.5	1	1	-1	0	0	0	0	0	0	C	1	C	1
9	1050	59	0.0555556	0.0816327	0.107438	0.158372	0.00289467	0.00345998	0	0	0	0	0	T	0.338889	A	0.397959
9	1051	60	0.0388889	0.0663265	0.1225	0.120367	0.00522531	0.00362453	0	0	0	0	0	C	0.377778	G	0.357143
9	1052	61	0.0333333	0.0612245	0.0866975	0.100062	0.000306471	0.00171339	0	0	0	0	0	A	0.361111	A	0.357143
9	1053	62	0.5	0.5	1	1	-1	0	0	0	0	0	0	A	1	A	1
9	1054	63	0.0611111	0.0918367	0.114846	0.134944	0.00129361	0.00133304	0	0	0	0	0	A	0.338889	A	0.367347
9	1055	64	0.5	0.5	1	1	-1	0	0	0	0	0	0	T	1	T	1
9	1056	65	0.0944444	0.102041	0.178272	0.234928	0.00393682	0.00382565	0	0	0	0	0	G	0.577778	G	0.515306
9	1057	66	0.5	0.5	1	1	-1	0	0	0	0	0	0	T	1	T	1
9	1058	67	0.0666667	0.0663265	0.118642	0.131221	0.00180579	0.00175186	0	0	0	0	0	T	0.366667	A	0.362245
9	1059	68	0.116667	0.132653	0.239012	0.276161	0.0013414	0.0020356	0	0	0	0	0	C	0.511111	G	0.52551
9	1060	69	0.1	0.142857	0.173611	0.230008	0.00400265	0.00299093	0	0	0	0	0	G	0.583333	G	0.520408
9	1061	70	0.127778	0.107143	0.278549	0.230008	0.00232201	0.00222361	0	0	0	0	0	A	0.527778	G	0.520408
9	1062	71	0.111111	0.112245	0.233611	0.25	0.000277855	0.00110017	0	0	0	0	0	C	0.516667	T	0.5
9	1063	72	0.1	0.132653	0.233611	0.276161	0.00177903	0.00134793	0	0	0	0	0	A	0.516667	T	0.52551
9	1064	73	0.5	0.5	1	1	-1	0	0	0	0	0	0	A	1	A	1
9	1065	74	0.105556	0.102041	0.239012	0.234928	1.76104e-005	0.000847234	0	0	0	0	0	A	0.511111	A	0.515306
9	1066	75	0.111111	0.137755	0.217778	0.270825	0.00288863	0.00212482	0	0	0	0	0	T	0.533333	G	0.520408
9	1067	76	0.5	0.5	1	1	-1	0	0	0	0	0	0	A	1	A	1
9	1068	77	0.0888889	0.127551	0.2025	0.270825	0.00496165	0.00488068	0	0	0	0	1	G	0.55	T	0.520408
9	1069	78	0.5	0.5	1	1	-1	0	0	0	0	0	0	C	1	C	1
9	1070	79	0.0444444	0.0561224	0.107438	0.100062	0.00360409	0.00346009	0	0	0	0	0	C	0.394444	G	0.352041
9	1071	80	0.0777778	0.0357143	0.155586	0.103316	0.00300306	0.00317364	0	0	0	0	0	G	0.394444	A	0.341837
